0.00560858892276883 0.371970564126968 3.54600024223328 190 100 94
0.0152031481266022 0.371340721845627 3.54000020027161 224 70 66
0.0248421803116798 0.371864318847656 3.54500007629395 226 67 64
0.0345665812492371 0.373016893863678 3.55600023269653 233 69 68
0.0442386455833912 0.373224884271622 3.55800008773804 228 63 67
0.0538759715855122 0.373117834329605 3.55700016021729 227 69 72
0.0635255500674248 0.373115241527557 3.55700016021729 219 64 62
0.0731954649090767 0.373217076063156 3.55800008773804 222 70 66
0.0825212895870209 0.371745079755783 3.54400014877319 213 75 62
0.0920828506350517 0.371531426906586 3.54200005531311 199 69 43
0.120973505079746 0.371727108955383 3.54400014877319 182 74 32
0.130290806293488 0.370882451534271 3.53600025177002 206 85 57
0.139762103557587 0.370561838150024 3.53300023078918 212 77 58
0.149470269680023 0.370870172977448 3.53600025177002 218 78 65
0.15896925330162 0.370653599500656 3.53400015830994 220 73 69
0.168647706508636 0.370856195688248 3.53600025177002 222 69 69
0.178739607334137 0.371897399425507 3.54600024223328 222 72 69
0.188885182142258 0.37293815612793 3.55600023269653 218 74 69
0.198581889271736 0.373034566640854 3.55700016021729 221 74 70
0.207346722483635 0.371452659368515 3.54200005531311 222 75 71
0.215907052159309 0.369660675525665 3.52500009536743 220 76 71
0.225078046321869 0.36902192234993 3.51900005340576 222 80 75
0.234815865755081 0.369326621294022 3.5220000743866 222 82 75
0.244985401630402 0.370260030031204 3.5310001373291 220 80 73
0.254770427942276 0.370563894510269 3.53400015830994 218 81 73
0.264421254396439 0.370657593011856 3.53500008583069 218 80 75
0.273999184370041 0.370646148920059 3.53500008583069 221 84 79
0.283415734767914 0.370424568653107 3.53300023078918 221 84 80
0.292240083217621 0.369468778371811 3.52400016784668 219 84 80
0.30204239487648 0.369770765304565 3.52700018882751 215 84 80
0.313185185194016 0.371644914150238 3.54500007629395 215 87 82
0.323240756988525 0.372155725955963 3.55000019073486 220 87 83
0.331822276115417 0.370988875627518 3.53900027275085 217 84 82
0.339571416378021 0.368983209133148 3.52000021934509 215 84 82
0.349596858024597 0.369493037462235 3.52500009536743 219 88 86
0.359138906002045 0.36947837471962 3.52500009536743 219 83 84
0.368889063596725 0.369673073291779 3.52700018882751 221 87 88
0.376932173967361 0.368190467357636 3.51300024986267 217 86 84
0.387978464365005 0.36964213848114 3.52700018882751 217 88 86
0.398310422897339 0.370359808206558 3.53400015830994 217 90 88
0.40937152504921 0.371705830097198 3.54700016975403 207 84 79
0.417666971683502 0.370536535978317 3.53600025177002 213 96 93
0.425901681184769 0.369366973638535 3.52500009536743 203 88 87
0.435558050870895 0.369454652070999 3.52600026130676 198 85 85
0.448248028755188 0.372056543827057 3.55100011825562 195 91 93
0.00558985536918044 0.361139893531799 3.53400015830994 179 75 68
0.0151909310370684 0.361445993185043 3.53700017929077 232 74 68
0.0248222481459379 0.361956059932709 3.54200005531311 237 74 67
0.0344806127250195 0.362465739250183 3.54700016975403 234 70 67
0.0440416485071182 0.36195307970047 3.54200005531311 230 65 64
0.0536814257502556 0.362155318260193 3.54400014877319 230 69 66
0.0632247179746628 0.361744076013565 3.54000020027161 230 75 65
0.0728077962994576 0.361638933420181 3.53900027275085 219 67 53
0.082082487642765 0.360204935073853 3.52500009536743 255 171 104
0.101436726748943 0.361014485359192 3.53300023078918 255 229 90
0.111208744347095 0.361622959375381 3.53900027275085 252 231 79
0.120535001158714 0.360800474882126 3.5310001373291 255 233 109
0.138976961374283 0.358950078487396 3.51300024986267 220 87 43
0.148673579096794 0.359352618455887 3.51700019836426 205 60 35
0.158166453242302 0.359243869781494 3.51600027084351 218 68 56
0.167844131588936 0.359543353319168 3.51900005340576 225 67 61
0.177789583802223 0.360353380441666 3.52700018882751 224 66 59
0.187937170267105 0.361469358205795 3.53800010681152 218 62 48
0.197529643774033 0.361461162567139 3.53800010681152 222 65 55
0.206360399723053 0.360124439001083 3.52500009536743 221 67 61
0.21542626619339 0.359298199415207 3.51700019836426 224 72 66
0.22438408434391 0.358369469642639 3.50800013542175 220 69 61
0.234292477369308 0.358972728252411 3.51400017738342 221 68 58
0.244301974773407 0.359677731990814 3.52100014686584 221 68 58
0.2540602684021 0.359973698854446 3.52400016784668 219 68 58
0.263684391975403 0.360065013170242 3.52500009536743 221 70 60
0.273623138666153 0.360564529895782 3.53000020980835 221 69 63
0.283267199993134 0.360655099153519 3.5310001373291 217 65 59
0.292086452245712 0.359723925590515 3.5220000743866 224 74 68
0.301712453365326 0.359813809394836 3.52300024032593 221 72 68
0.311961323022842 0.360618203878403 3.5310001373291 220 74 67
0.322434663772583 0.361626476049423 3.54100012779236 221 72 68
0.331273376941681 0.360796093940735 3.53300023078918 226 77 73
0.339681833982468 0.359557002782822 3.52100014686584 228 79 75
0.348520219326019 0.358828246593475 3.51400017738342 223 74 70
0.358746021986008 0.359528750181198 3.52100014686584 220 70 67
0.368067264556885 0.359309881925583 3.51900005340576 227 77 74
0.376410931348801 0.358171850442886 3.50800013542175 223 74 71
0.385463893413544 0.35774827003479 3.50400018692017 225 76 73
0.396072059869766 0.358753681182861 3.51400017738342 229 80 77
0.406386971473694 0.359452456235886 3.52100014686584 227 77 73
0.414494156837463 0.358211278915405 3.5090000629425 227 75 71
0.424589365720749 0.358705312013626 3.51400017738342 228 78 78
0.434957474470139 0.359403103590012 3.52100014686584 223 84 85
0.446245759725571 0.360815018415451 3.53500008583069 222 100 101
0.00556162325665355 0.349776178598404 3.51600027084351 216 78 73
0.015174406580627 0.351466923952103 3.53300023078918 233 79 65
0.0247952863574028 0.351963490247726 3.53800010681152 230 79 61
0.0343557186424732 0.351564288139343 3.53400015830994 226 82 57
0.0438321530818939 0.350667297840118 3.52500009536743 215 86 46
0.0628880709409714 0.350264817476273 3.52100014686584 255 231 104
0.0725228860974312 0.350659877061844 3.52500009536743 255 241 97
0.0819462835788727 0.350059747695923 3.51900005340576 254 233 81
0.0915448442101479 0.350255042314529 3.52100014686584 252 231 79
0.101067803800106 0.350151479244232 3.52000021934509 251 232 79
0.110773533582687 0.350644379854202 3.52500009536743 250 234 77
0.119754992425442 0.34894847869873 3.50800013542175 252 233 81
0.129012286663055 0.348246902227402 3.50100016593933 251 230 78
0.138349875807762 0.347843408584595 3.49700021743774 255 236 95
0.14825713634491 0.348832041025162 3.507000207901 253 225 94
0.16732656955719 0.348918288946152 3.50800013542175 191 81 20
0.177343398332596 0.349905699491501 3.51800012588501 200 64 23
0.187254518270493 0.350594311952591 3.52500009536743 226 73 55
0.196867972612381 0.350685805082321 3.52600026130676 224 72 60
0.205549448728561 0.349185585975647 3.51100015640259 225 73 69
0.214822739362717 0.348779022693634 3.507000207901 220 66 60
0.224137604236603 0.348471641540527 3.50400018692017 224 68 61
0.234168887138367 0.349257737398148 3.51200008392334 223 67 60
0.243826434016228 0.349446803331375 3.51400017738342 228 70 63
0.253782421350479 0.350033223628998 3.52000021934509 226 68 61
0.263022065162659 0.349624931812286 3.51600027084351 227 69 62
0.272549211978912 0.349614024162292 3.51600027084351 227 69 62
0.282075434923172 0.349602729082108 3.51600027084351 227 71 64
0.291269063949585 0.349193394184113 3.51200008392334 222 69 61
0.300953954458237 0.349380254745483 3.51400017738342 227 74 66
0.310737043619156 0.349666237831116 3.51700019836426 228 77 69
0.321172833442688 0.350647747516632 3.52700018882751 225 72 64
0.33053657412529 0.350435882806778 3.52500009536743 220 67 59
0.339309602975845 0.349627256393433 3.51700019836426 232 78 72
0.347244769334793 0.34802308678627 3.50100016593933 228 74 68
0.35713005065918 0.348406821489334 3.50500011444092 228 76 70
0.366617500782013 0.348392575979233 3.50500011444092 227 75 69
0.374601602554321 0.346986532211304 3.49100017547607 235 81 75
0.383058816194534 0.346077233552933 3.48200011253357 226 72 66
0.3923679292202 0.345962792634964 3.48100018501282 231 75 69
0.403517246246338 0.347438186407089 3.49600005149841 227 71 64
0.412502080202103 0.347024947404861 3.49200010299683 230 77 69
0.423518270254135 0.348300874233246 3.50500011444092 230 73 70
0.433121085166931 0.34838393330574 3.50600028038025 231 79 75
-0.0039556990377605 0.33831524848938 3.49600005149841 191 93 92
0.00553971156477928 0.338895887136459 3.50200009346008 216 77 68
0.0150891384109855 0.33995994925499 3.51300024986267 218 74 45
0.0246982090175152 0.341023623943329 3.52400016784668 219 81 38
0.043585292994976 0.339182138442993 3.50500011444092 255 230 108
0.0530649088323116 0.338986575603485 3.50300025939941 255 242 97
0.0625870674848557 0.339080959558487 3.50400018692017 254 234 78
0.0722378790378571 0.339755535125732 3.51100015640259 255 237 71
0.0817867070436478 0.33984911441803 3.51200008392334 255 236 74
0.091366671025753 0.340039044618607 3.51400017738342 253 234 82
0.1008136048913 0.339744806289673 3.51100015640259 255 234 89
0.110149629414082 0.339159846305847 3.50500011444092 251 232 79
0.119384452700615 0.33838102221489 3.49700021743774 255 234 82
0.128575444221497 0.337601780891418 3.48900008201599 251 230 78
0.138197377324104 0.337983369827271 3.49300026893616 252 231 78
0.147798255085945 0.338267743587494 3.49600005149841 254 233 80
0.157144978642464 0.337971240282059 3.49300026893616 251 230 78
0.166427165269852 0.33757758140564 3.48900008201599 255 232 105
0.186412245035172 0.339498221874237 3.5090000629425 245 123 81
0.1959268450737 0.339490473270416 3.5090000629425 204 63 36
0.204445481300354 0.337837636470795 3.49200010299683 224 73 65
0.213483855128288 0.337151974439621 3.4850001335144 222 69 59
0.22331514954567 0.337723582983017 3.49100017547607 224 68 61
0.233178228139877 0.338294863700867 3.49700021743774 226 68 62
0.24286487698555 0.338575512170792 3.50000023841858 222 64 58
0.252567023038864 0.338855803012848 3.50300025939941 224 66 60
0.261760890483856 0.338458567857742 3.49900007247925 226 68 62
0.270854741334915 0.337964296340942 3.49400019645691 227 69 62
0.281043767929077 0.338823884725571 3.50300025939941 224 68 61
0.290617197751999 0.338909298181534 3.50400018692017 223 70 62
0.300537675619125 0.339381247758865 3.5090000629425 230 77 67
0.309070646762848 0.33830538392067 3.4980001449585 232 79 69
0.319273233413696 0.339066803455353 3.50600028038025 230 77 69
0.328111499547958 0.338377147912979 3.49900007247925 219 66 58
0.337296813726425 0.338074117898941 3.49600005149841 222 68 62
0.345572143793106 0.336900502443314 3.48400020599365 227 73 69
0.355106055736542 0.336983680725098 3.4850001335144 227 75 69
0.36453965306282 0.336969822645187 3.4850001335144 225 73 67
0.373542964458466 0.336568981409073 3.48100018501282 226 74 68
0.380983263254166 0.33481428027153 3.46300005912781 230 76 70
0.390692114830017 0.335089713335037 3.46600008010864 226 70 64
0.401339530944824 0.336138218641281 3.47700023651123 231 75 68
0.411927103996277 0.337089687585831 3.48700022697449 232 76 69
0.421480029821396 0.337170779705048 3.48800015449524 238 86 80
0.42980170249939 0.336284995079041 3.47900009155273 229 77 73
-0.00393662555143237 0.327243775129318 3.47900009155273 194 92 85
0.00549406232312322 0.32667937874794 3.47300004959106 235 97 82
0.0245099831372499 0.32893568277359 3.49700021743774 255 233 130
0.0340669043362141 0.329592913389206 3.50400018692017 255 235 87
0.0434378534555435 0.328556686639786 3.49300026893616 255 237 75
0.0528701432049274 0.328272521495819 3.49000024795532 254 240 76
0.0622859671711922 0.327987998723984 3.48700022697449 253 240 72
0.0718293264508247 0.328361541032791 3.49100017547607 253 239 67
0.0813475698232651 0.328546583652496 3.49300026893616 253 237 71
0.0910843834280968 0.329483687877655 3.50300025939941 254 237 75
0.10030085593462 0.328539252281189 3.49300026893616 254 236 79
0.109714142978191 0.328346908092499 3.49100017547607 250 235 75
0.118979625403881 0.327777981758118 3.4850001335144 252 234 78
0.128543823957443 0.328055202960968 3.48800015449524 251 233 77
0.138084292411804 0.328237950801849 3.49000024795532 253 233 77
0.147466018795967 0.328044086694717 3.48800015449524 252 232 75
0.156701445579529 0.32756781578064 3.4830002784729 250 233 71
0.165718361735344 0.326714903116226 3.4740002155304 250 232 76
0.175795033574104 0.327930688858032 3.48700022697449 252 229 85
0.185729116201401 0.328769892454147 3.49600005149841 255 229 117
0.203692555427551 0.327155768871307 3.47900009155273 244 109 82
0.212634727358818 0.326395243406296 3.47100019454956 215 67 53
0.222236528992653 0.326668798923492 3.4740002155304 221 64 61
0.232720732688904 0.328164398670197 3.49000024795532 227 68 65
0.242527559399605 0.328625202178955 3.49500012397766 220 61 59
0.251567542552948 0.328051328659058 3.48900008201599 227 66 63
0.260574221611023 0.327477276325226 3.4830002784729 224 65 62
0.269082337617874 0.326338708400726 3.47100019454956 222 64 57
0.278487324714661 0.326328098773956 3.47100019454956 223 67 60
0.288140296936035 0.32659924030304 3.4740002155304 225 72 62
0.29832249879837 0.327434033155441 3.4830002784729 217 64 54
0.308022290468216 0.327704399824142 3.48600006103516 221 70 60
0.317737340927124 0.327974438667297 3.48900008201599 228 75 67
0.326248615980148 0.327022224664688 3.47900009155273 228 75 67
0.335476577281952 0.326821655035019 3.47700023651123 224 70 64
0.344097465276718 0.326056867837906 3.46900010108948 229 75 71
0.353998631238937 0.326513677835464 3.4740002155304 226 74 70
0.363193571567535 0.326312214136124 3.47200012207031 224 72 68
0.372054696083069 0.325828641653061 3.46700024604797 232 78 74
0.380117386579514 0.324686944484711 3.45500016212463 224 70 64
0.389015853404999 0.324296832084656 3.45100021362305 224 70 64
0.399853825569153 0.325503885746002 3.46400022506714 225 72 64
0.410288423299789 0.326334744691849 3.47300004959106 233 80 72
0.420166283845901 0.326695442199707 3.47700023651123 226 74 68
0.427470058202744 0.325082778930664 3.46000027656555 231 81 77
-0.00392433581873775 0.316811442375183 3.46800017356873 209 80 78
0.00549270026385784 0.317176818847656 3.47200012207031 215 63 59
0.0149142453446984 0.317176431417465 3.47200012207031 245 114 82
0.0337279736995697 0.316900461912155 3.46900010108948 255 239 110
0.0431659929454327 0.317081660032272 3.47100019454956 255 232 87
0.0525995641946793 0.317171096801758 3.47200012207031 255 239 82
0.0620026513934135 0.317077487707138 3.47100019454956 252 237 77
0.0714206621050835 0.317074835300446 3.47100019454956 254 239 71
0.0807685703039169 0.316797822713852 3.46800017356873 254 239 71
0.0902299210429192 0.316977173089981 3.47000026702881 254 239 69
0.0999315455555916 0.317886888980865 3.48000025749207 255 239 75
0.109215624630451 0.317426025867462 3.47500014305115 252 235 73
0.118745356798172 0.317695617675781 3.47800016403198 252 235 75
0.128290936350822 0.317964792251587 3.48100018501282 252 235 75
0.137733653187752 0.317959606647491 3.48100018501282 251 233 76
0.14675310254097 0.317040622234344 3.47100019454956 252 233 70
0.155582800507545 0.315847337245941 3.45800018310547 250 234 70
0.164770811796188 0.315475761890411 3.45400023460388 251 232 70
0.174692779779434 0.316473841667175 3.46500015258789 249 225 84
0.203232109546661 0.316999942064285 3.47100019454956 219 70 53
0.211601570248604 0.315439403057098 3.45400023460388 221 65 58
0.221349537372589 0.31597900390625 3.46000027656555 223 64 61
0.230995953083038 0.316335618495941 3.46400022506714 226 67 65
0.240732625126839 0.31678318977356 3.46900010108948 221 62 60
0.24955826997757 0.316043317317963 3.4610002040863 222 63 61
0.258713811635971 0.315759718418121 3.45800018310547 224 65 62
0.267697155475616 0.315293192863464 3.45300006866455 223 67 61
0.276652574539185 0.314826369285584 3.44800019264221 226 70 63
0.285911738872528 0.314724504947662 3.44700026512146 226 73 63
0.295935481786728 0.315443992614746 3.45500016212463 223 70 60
0.305736511945724 0.315889239311218 3.46000027656555 225 72 64
0.315108299255371 0.315877705812454 3.46000027656555 225 72 64
0.323728799819946 0.315135478973389 3.4520001411438 225 72 64
0.332401484251022 0.314484298229218 3.44500017166138 225 71 65
0.342225521802902 0.314928293228149 3.45000004768372 224 70 64
0.351668030023575 0.315006881952286 3.45100021362305 227 73 69
0.361742466688156 0.315632790327072 3.45800018310547 225 71 67
0.37110248208046 0.315619468688965 3.45800018310547 227 73 69
0.379801243543625 0.31505823135376 3.4520001411438 225 71 67
0.388240933418274 0.314314275979996 3.44400024414063 226 72 68
0.398367673158646 0.314938992261887 3.45100021362305 228 74 68
0.408412992954254 0.315472155809402 3.45700025558472 229 75 69
0.417885303497314 0.315548717975616 3.45800018310547 223 71 65
0.425384998321533 0.314165055751801 3.44300007820129 226 74 70
0.43318110704422 0.313055008649826 3.43100023269653 183 100 90
-0.0133047886192799 0.306703269481659 3.46000027656555 163 73 74
-0.00391543563455343 0.306703597307205 3.46000027656555 220 74 77
0.00546760205179453 0.306349009275436 3.45600008964539 233 69 66
0.0148460930213332 0.306348621845245 3.45600008964539 230 66 63
0.0241684578359127 0.30563873052597 3.44800019264221 217 58 47
0.033534824848175 0.305726259946823 3.44900012016296 205 84 29
0.0521622523665428 0.305191069841385 3.44300007820129 255 234 110
0.0614870078861713 0.30510026216507 3.44200015068054 255 230 89
0.0707855448126793 0.304920434951782 3.44000005722046 253 236 76
0.0801195651292801 0.304917573928833 3.44000005722046 254 238 74
0.0897133350372314 0.305800706148148 3.45000004768372 251 235 69
0.0993036329746246 0.306506186723709 3.45800018310547 251 235 71
0.108685545623302 0.306502223014832 3.45800018310547 251 235 71
0.117964662611485 0.306232005357742 3.45500016212463 251 235 69
0.127632483839989 0.306936383247375 3.46300005912781 251 235 71
0.137066289782524 0.307019978761673 3.46400022506714 251 232 72
0.14595539867878 0.305950999259949 3.4520001411438 252 230 71
0.154868870973587 0.305059015750885 3.44200015068054 255 237 89
0.183724537491798 0.306457817554474 3.45800018310547 204 64 39
0.192990228533745 0.306273490190506 3.45600008964539 219 70 53
0.201717421412468 0.30529123544693 3.44500017166138 228 70 63
0.210568085312843 0.304574579000473 3.4370002746582 223 65 59
0.220334306359291 0.305186837911606 3.44400024414063 227 66 63
0.229470863938332 0.304912596940994 3.44100022315979 225 66 64
0.238867923617363 0.304992496967316 3.44200015068054 224 65 63
0.248125493526459 0.304894864559174 3.44100022315979 220 61 59
0.257676035165787 0.30515131354332 3.44400024414063 223 64 61
0.266311675310135 0.304344236850739 3.43500018119812 221 65 59
0.275539547204971 0.304245680570602 3.43400025367737 226 70 63
0.284595191478729 0.303969591856003 3.43100023269653 226 73 65
0.293976306915283 0.304047644138336 3.43200016021729 223 70 60
0.303626984357834 0.304391115903854 3.43600010871887 226 73 63
0.312660813331604 0.304114133119583 3.43300008773804 228 75 65
0.321677416563034 0.303836941719055 3.4300000667572 229 76 68
0.330676734447479 0.303559452295303 3.42700004577637 223 69 63
0.339559584856033 0.303193092346191 3.42300009727478 221 67 61
0.348827332258224 0.303180813789368 3.42300009727478 226 72 68
0.359035521745682 0.303965359926224 3.43200016021729 225 71 67
0.368754744529724 0.304306745529175 3.43600010871887 228 76 72
0.377174109220505 0.303585082292557 3.4280002117157 222 70 66
0.385323613882065 0.302686095237732 3.41800022125244 225 73 69
0.396072953939438 0.30382364988327 3.43100023269653 223 71 67
0.406418830156326 0.30460661649704 3.44000005722046 220 68 64
0.416570574045181 0.305212259292603 3.44700026512146 223 69 65
0.424658447504044 0.304312318563461 3.4370002746582 233 81 77
0.43256476521492 0.303323715925217 3.42600011825562 174 84 76
-0.0132822208106518 0.296809613704681 3.45400023460388 184 76 76
-0.00389521429315209 0.295778721570969 3.44200015068054 220 66 69
0.00544882379472256 0.295950591564178 3.44400024414063 235 68 67
0.0147564429789782 0.295176804065704 3.43500018119812 231 58 66
0.0240642298012972 0.295004218816757 3.43300008773804 237 61 71
0.0332832857966423 0.294143795967102 3.42300009727478 234 67 66
0.0425598919391632 0.294056504964828 3.42200016975403 232 68 65
0.0517854578793049 0.293710976839066 3.41800022125244 216 58 51
0.0611499138176441 0.294138520956039 3.42300009727478 234 80 56
0.0797499343752861 0.294219195842743 3.42400026321411 255 230 130
0.0893006548285484 0.295075327157974 3.43400025367737 255 230 101
0.0987043082714081 0.295329630374908 3.4370002746582 254 229 94
0.107715278863907 0.294466495513916 3.42700004577637 255 231 90
0.116774044930935 0.293860882520676 3.42000007629395 255 231 87
0.126420989632607 0.294715583324432 3.4300000667572 255 235 100
0.144861504435539 0.294361859560013 3.42600011825562 221 93 51
0.153929769992828 0.293926775455475 3.42100024223328 211 62 45
0.163447469472885 0.294350504875183 3.42600011825562 220 67 57
0.172890841960907 0.294602066278458 3.42900013923645 225 69 63
0.182509332895279 0.295111000537872 3.43500018119812 226 67 65
0.191322058439255 0.294330924749374 3.42600011825562 224 63 60
0.199968218803406 0.293378800153732 3.41500020027161 226 68 62
0.209044173359871 0.293113589286804 3.41200017929077 231 71 65
0.218742966651917 0.293707191944122 3.41900014877319 224 66 60
0.22821219265461 0.293956786394119 3.42200016975403 224 65 62
0.237766295671463 0.294291943311691 3.42600011825562 226 67 64
0.24690867960453 0.294111430644989 3.42400026321411 224 67 64
0.256114155054092 0.294016450643539 3.42300009727478 221 67 63
0.264693170785904 0.293234080076218 3.41400027275085 224 70 64
0.274506360292435 0.293825656175613 3.42100024223328 229 76 68
0.284190684556961 0.29424512386322 3.42600011825562 225 72 64
0.293301582336426 0.294063091278076 3.42400026321411 220 67 59
0.302400678396225 0.293880790472031 3.42200016975403 221 67 61
0.311396867036819 0.29361230134964 3.41900014877319 220 67 59
0.320844799280167 0.293772965669632 3.42100024223328 229 75 69
0.329434037208557 0.29316046833992 3.41400027275085 228 74 68
0.338083535432816 0.292633593082428 3.40800023078918 221 67 61
0.346495628356934 0.291934758424759 3.40000009536743 225 71 67
0.356014162302017 0.292180180549622 3.40300011634827 227 73 69
0.365977138280869 0.292768746614456 3.41000008583069 224 71 69
0.375096619129181 0.292670220136642 3.40900015830994 228 75 73
0.38420957326889 0.292571395635605 3.40800023078918 229 76 74
0.394470363855362 0.293330758810043 3.41700005531311 227 73 69
0.403360903263092 0.29305973649025 3.41400027275085 224 72 68
0.413321644067764 0.293560981750488 3.42000007629395 221 69 65
0.422078102827072 0.293203681707382 3.41600012779236 228 76 72
0.430937945842743 0.292931944131851 3.41300010681152 172 74 67
-0.0131750339642167 0.285116583108902 3.42600011825562 195 80 80
-0.00386932864785194 0.284534335136414 3.41900014877319 226 73 73
0.00540947075933218 0.284534305334091 3.41900014877319 239 74 73
0.0146882496774197 0.2845339179039 3.41900014877319 227 60 59
0.023959968239069 0.284449994564056 3.41800022125244 233 67 64
0.0331581085920334 0.283783197402954 3.41000008583069 232 66 63
0.0423127077519894 0.283116072416306 3.40200018882751 233 68 67
0.0515904016792774 0.283364027738571 3.40500020980835 232 68 65
0.0607234053313732 0.282862663269043 3.39900016784668 233 71 64
0.0701117292046547 0.283526033163071 3.40700006484985 225 71 47
0.0794267728924751 0.283773005008698 3.41000008583069 213 65 33
0.125614732503891 0.283588051795959 3.40800023078918 183 75 25
0.134741708636284 0.283333718776703 3.40500020980835 219 71 50
0.143894240260124 0.283162325620651 3.40300011634827 222 70 56
0.153125420212746 0.283156961202621 3.40300011634827 229 73 67
0.16307170689106 0.284399420022964 3.41800022125244 224 66 59
0.172443300485611 0.284559816122055 3.42000007629395 229 73 66
0.181612655520439 0.284387111663818 3.41800022125244 231 73 66
0.190156191587448 0.283298850059509 3.40500020980835 225 67 61
0.19874569773674 0.282376766204834 3.39400005340576 234 74 68
0.207765027880669 0.282119989395142 3.39100027084351 226 66 60
0.217279240489006 0.282528430223465 3.39600014686584 225 67 61
0.227086588740349 0.283269345760345 3.40500020980835 226 68 62
0.237150132656097 0.284259438514709 3.41700005531311 222 66 60
0.246628955006599 0.284500539302826 3.42000007629395 223 66 63
0.255524694919586 0.284075856208801 3.41500020027161 225 71 65
0.263694554567337 0.282902210950851 3.40100026130676 220 66 60
0.272509902715683 0.282476991415024 3.39600014686584 222 68 62
0.282624512910843 0.283382326364517 3.40700006484985 225 71 65
0.291941255331039 0.283455580472946 3.40800023078918 221 67 61
0.30161589384079 0.283861249685287 3.41300010681152 227 73 67
0.310861200094223 0.283850729465485 3.41300010681152 223 69 63
0.32010555267334 0.283839970827103 3.41300010681152 228 72 66
0.328576922416687 0.283163607120514 3.40500020980835 223 69 63
0.336507827043533 0.282071262598038 3.39200019836426 227 73 69
0.345590263605118 0.281976580619812 3.39100027084351 227 73 69
0.354875475168228 0.282047927379608 3.39200019836426 224 70 66
0.363950341939926 0.281952768564224 3.39100027084351 228 76 72
0.373348712921143 0.282106786966324 3.39300012588501 224 72 68
0.382193118333817 0.281844794750214 3.39000010490417 226 74 70
0.391597390174866 0.28199827671051 3.39200019836426 230 76 72
0.400302350521088 0.281652748584747 3.38800024986267 222 70 66
0.40983048081398 0.281888842582703 3.39100027084351 224 70 66
0.419497191905975 0.282207846641541 3.39500021934509 226 74 70
0.428552985191345 0.282110989093781 3.39400005340576 182 71 65
-0.0130332130938768 0.272849768400192 3.38900017738342 220 79 80
-0.00382985570468009 0.272447496652603 3.3840000629425 231 70 68
0.0053732730448246 0.273413628339767 3.39600014686584 237 73 70
0.0145942596718669 0.27349379658699 3.3970000743866 237 71 68
0.0238066017627716 0.273412585258484 3.39600014686584 230 66 63
0.0329745374619961 0.273009032011032 3.39100027084351 234 70 67
0.0421774089336395 0.273007720708847 3.39100027084351 234 70 67
0.0513649694621563 0.272925555706024 3.39000010490417 234 70 65
0.0606005154550076 0.273084610700607 3.39200019836426 231 67 62
0.0698672905564308 0.273323833942413 3.39500021934509 231 67 62
0.0794063061475754 0.274448275566101 3.40900015830994 236 72 69
0.088734969496727 0.274686872959137 3.41200017929077 226 62 59
0.0977062359452248 0.273878544569016 3.40200018882751 232 68 65
0.106654316186905 0.273150414228439 3.39300012588501 233 71 64
0.115792199969292 0.272985517978668 3.39100027084351 225 71 55
0.124845117330551 0.272659301757813 3.38700008392334 224 70 56
0.133717566728592 0.272010773420334 3.37900018692017 229 69 63
0.143095910549164 0.272408455610275 3.3840000629425 228 67 64
0.152590841054916 0.272966772317886 3.39100027084351 225 67 61
0.162409484386444 0.274007737636566 3.40400004386902 227 69 63
0.171642601490021 0.274001955986023 3.40400004386902 226 68 62
0.180343762040138 0.273190945386887 3.39400005340576 224 66 60
0.189157575368881 0.272621095180511 3.38700008392334 228 67 64
0.198108494281769 0.272292494773865 3.38300013542175 227 64 61
0.207404643297195 0.272446513175964 3.38500022888184 226 65 62
0.21613509953022 0.271875858306885 3.37800025939941 225 64 61
0.22536039352417 0.271948754787445 3.37900018692017 224 64 58
0.235562026500702 0.273148089647293 3.39400005340576 222 63 60
0.245339408516884 0.2737837433815 3.40200018882751 225 68 65
0.254635542631149 0.273855745792389 3.40300011634827 220 63 60
0.26246303319931 0.272398501634598 3.38500022888184 224 67 64
0.271556258201599 0.272308975458145 3.3840000629425 229 72 69
0.281140953302383 0.272702008485794 3.38900017738342 227 73 69
0.290837496519089 0.273175239562988 3.39500021934509 226 72 68
0.300742328166962 0.273809045553207 3.40300011634827 220 63 60
0.309414327144623 0.273316144943237 3.3970000743866 224 68 62
0.318803191184998 0.273466616868973 3.39900016784668 223 66 63
0.326947391033173 0.272570997476578 3.38800024986267 227 70 67
0.335427761077881 0.271996945142746 3.38100004196167 223 69 65
0.34488832950592 0.272227078676224 3.3840000629425 225 71 67
0.353945553302765 0.272135257720947 3.38300013542175 226 72 68
0.362781643867493 0.271882265806198 3.38000011444092 222 70 64
0.372150540351868 0.272031277418137 3.382000207901 221 70 62
0.380739897489548 0.271616965532303 3.37700009346008 226 74 68
0.389301061630249 0.271202504634857 3.37200021743774 227 73 67
0.397006869316101 0.270224809646606 3.3600001335144 220 68 64
0.406701266765594 0.270614176988602 3.36500024795532 223 66 63
0.415556460618973 0.270440340042114 3.36300015449524 230 73 71
0.425788640975952 0.271150827407837 3.37200021743774 198 75 72
-0.0129452105611563 0.261871874332428 3.36600017547607 222 77 76
-0.00381188048049808 0.262027740478516 3.36800026893616 233 68 67
0.00534023111686111 0.262572318315506 3.37500023841858 240 74 71
0.0145217273384333 0.262960970401764 3.38000011444092 231 67 64
0.0237303171306849 0.263349324464798 3.38500022888184 235 71 68
0.0328978858888149 0.263192772865295 3.38300013542175 234 70 67
0.0420544818043709 0.263035863637924 3.38100004196167 236 72 69
0.0511849224567413 0.26280090212822 3.37800025939941 236 72 67
0.0601916871964931 0.262098789215088 3.36900019645691 232 68 63
0.0696021616458893 0.26310795545578 3.382000207901 231 67 64
0.0789664760231972 0.263727813959122 3.39000010490417 231 67 64
0.0884779617190361 0.264658480882645 3.40200018882751 231 63 67
0.0974223986268044 0.263877391815186 3.39200019836426 233 66 67
0.106406502425671 0.263329356908798 3.38500022888184 227 64 59
0.115283966064453 0.262625455856323 3.37600016593933 227 67 58
0.124259620904922 0.262232452630997 3.37100005149841 228 70 63
0.133405581116676 0.262228071689606 3.37100005149841 224 64 58
0.142677932977676 0.262456804513931 3.37400007247925 225 65 59
0.151876077055931 0.262529611587524 3.37500023841858 230 70 64
0.161508500576019 0.263302206993103 3.38500022888184 226 68 62
0.17033739387989 0.262752115726471 3.37800025939941 226 66 60
0.17918087542057 0.262279570102692 3.37200021743774 226 66 60
0.188214585185051 0.262117862701416 3.37000012397766 226 65 62
0.197763830423355 0.262655824422836 3.37700009346008 226 63 60
0.206798925995827 0.262493550777435 3.37500023841858 227 64 61
0.215246587991714 0.261631011962891 3.36400008201599 222 61 58
0.224300846457481 0.261545956134796 3.36300015449524 228 67 64
0.23425118625164 0.262471616268158 3.37500023841858 217 58 55
0.24397736787796 0.263085871934891 3.38300013542175 223 64 61
0.253371924161911 0.263310998678207 3.38600015640259 223 66 63
0.26177391409874 0.262524902820587 3.37600016593933 225 68 65
0.270521998405457 0.262127369642258 3.37100005149841 225 68 65
0.27990585565567 0.262351661920547 3.37400007247925 220 63 60
0.289133697748184 0.262420207262039 3.37500023841858 225 68 65
0.298454374074936 0.262566208839417 3.37700009346008 221 64 61
0.307875990867615 0.262789666652679 3.38000011444092 227 71 65
0.317500472068787 0.263168334960938 3.38500022888184 223 66 63
0.325896441936493 0.262536078691483 3.37700009346008 225 68 65
0.334644913673401 0.262214571237564 3.3730001449585 223 66 63
0.343064874410629 0.261659651994705 3.36600017547607 228 71 68
0.352596789598465 0.261959582567215 3.37000012397766 227 70 67
0.361290574073792 0.261637419462204 3.36600017547607 221 67 61
0.370291650295258 0.261548221111298 3.36500024795532 228 75 67
0.377933263778687 0.260526090860367 3.35200023651123 227 73 67
0.387119710445404 0.260591924190521 3.35300016403198 233 79 73
0.395128786563873 0.259880363941193 3.34400010108948 225 73 69
0.404538333415985 0.260101199150085 3.34700012207031 230 73 70
0.413221508264542 0.259855538606644 3.34400010108948 227 72 70
0.422771155834198 0.260153621435165 3.34800004959106 192 63 61
-0.0129341082647443 0.252519488334656 3.36300015449524 223 75 75
-0.00380521803162992 0.252444714307785 3.36200022697449 233 69 66
0.00531667610630393 0.252294480800629 3.3600001335144 231 65 62
0.0144319906830788 0.252219080924988 3.35900020599365 232 68 65
0.02361193113029 0.252894252538681 3.36800026893616 237 73 70
0.0327433943748474 0.25281822681427 3.36700010299683 232 68 63
0.0418817475438118 0.25281697511673 3.36700010299683 236 72 67
0.0508987344801426 0.252214759588242 3.35900020599365 235 71 66
0.0599971748888493 0.252137839794159 3.3580002784729 232 68 63
0.0690693929791451 0.251985549926758 3.35600018501282 234 70 67
0.0784100517630577 0.252733945846558 3.36600017547607 231 67 64
0.0878307074308395 0.253557115793228 3.37700009346008 229 65 62
0.0970522686839104 0.253704279661179 3.37900018692017 230 66 63
0.105875663459301 0.252875030040741 3.36800026893616 226 63 60
0.11446825414896 0.251670122146606 3.35200023651123 230 67 62
0.12389513105154 0.252341866493225 3.36100006103516 231 71 65
0.132974684238434 0.252262592315674 3.3600001335144 223 63 57
0.142006069421768 0.252107977867126 3.3580002784729 227 66 63
0.150981068611145 0.251877933740616 3.35500025749207 226 66 60
0.160320982336998 0.252248257398605 3.3600001335144 228 68 61
0.16923363506794 0.251942604780197 3.35600018501282 229 69 62
0.178070858120918 0.251561611890793 3.3510000705719 223 63 57
0.187494695186615 0.252006113529205 3.35700011253357 226 65 62
0.196950435638428 0.252450287342072 3.36300015449524 227 66 63
0.206315502524376 0.252744048833847 3.36700010299683 222 61 58
0.215061649680138 0.252286851406097 3.36100006103516 229 68 65
0.224241465330124 0.252354890108109 3.36200022697449 228 67 64
0.233703508973122 0.252722859382629 3.36700010299683 230 69 66
0.242759197950363 0.252640187740326 3.36600017547607 222 63 60
0.251808643341064 0.252557247877121 3.36500024795532 218 61 58
0.259998887777328 0.251648485660553 3.35300016403198 220 63 60
0.269005924463272 0.25156506896019 3.35200023651123 223 66 63
0.278006672859192 0.251481384038925 3.3510000705719 221 64 61
0.286915451288223 0.251322418451309 3.3490002155304 222 66 60
0.295900791883469 0.251238226890564 3.34800004959106 222 65 62
0.305335193872452 0.251529008150101 3.35200023651123 226 68 62
0.315915882587433 0.252719938755035 3.36800026893616 228 69 66
0.324941635131836 0.252634942531586 3.36700010299683 226 67 64
0.33366322517395 0.252324640750885 3.36300015449524 224 65 62
0.341444790363312 0.25133889913559 3.35000014305115 227 68 65
0.350305825471878 0.25117826461792 3.34800004959106 223 66 63
0.358940303325653 0.250867366790771 3.34400010108948 230 73 70
0.367551922798157 0.250556230545044 3.34000015258789 224 70 64
0.375238806009293 0.249644815921783 3.32800006866455 230 76 70
0.384245038032532 0.249633386731148 3.32800006866455 228 76 70
0.393013834953308 0.249471738934517 3.32600021362305 225 73 69
0.403221011161804 0.250209927558899 3.3360002040863 229 75 71
0.412245392799377 0.25019782781601 3.3360002040863 221 71 71
0.422657519578934 0.251010447740555 3.34700012207031 195 63 64
-0.0128960693255067 0.242675915360451 3.35300016403198 233 82 72
-0.00379628641530871 0.242748558521271 3.35400009155273 239 77 64
0.00529311364516616 0.242097154259682 3.34500026702881 239 73 68
0.0143508231267333 0.241734951734543 3.34000015258789 238 72 67
0.0234935134649277 0.242530480027199 3.3510000705719 233 67 62
0.0326666571199894 0.243108585476875 3.35900020599365 232 68 63
0.041733842343092 0.242817893624306 3.35500025749207 229 65 60
0.0507488586008549 0.242382168769836 3.3490002155304 235 71 66
0.0598383173346519 0.242380425333977 3.3490002155304 235 71 66
0.0687834918498993 0.24187171459198 3.34200024604797 235 71 68
0.0778535008430481 0.241869375109673 3.34200024604797 233 69 66
0.0870792865753174 0.242300972342491 3.34800004959106 230 66 63
0.0962798818945885 0.242587551474571 3.35200023651123 228 64 61
0.105124592781067 0.24200539290905 3.34400010108948 229 66 63
0.113925538957119 0.241422981023788 3.3360002040863 231 68 65
0.123161859810352 0.241781026124954 3.34100008010864 234 71 68
0.132781088352203 0.242790147662163 3.35500025749207 226 65 62
0.141418546438217 0.241989761590958 3.34400010108948 228 68 62
0.149995848536491 0.241189181804657 3.33300018310547 228 68 61
0.159037798643112 0.241184294223785 3.33300018310547 226 66 59
0.168280884623528 0.241468593478203 3.33700013160706 225 65 58
0.177438840270042 0.241607874631882 3.33900022506714 223 63 57
0.186551138758659 0.241674527525902 3.34000015258789 227 66 63
0.195902526378632 0.242030367255211 3.34500026702881 224 63 60
0.20515775680542 0.242241129279137 3.34800004959106 228 67 64
0.214172601699829 0.242162272334099 3.34700012207031 228 67 64
0.223247990012169 0.242155462503433 3.34700012207031 221 62 59
0.232530862092972 0.242365479469299 3.35000014305115 223 64 61
0.241757079958916 0.242502838373184 3.35200023651123 225 66 63
0.250319868326187 0.241988867521286 3.34500026702881 220 63 60
0.25783571600914 0.240534201264381 3.32500004768372 226 69 66
0.266847401857376 0.240526184439659 3.32500004768372 225 71 67
0.275443404912949 0.240156233310699 3.32000017166138 226 72 66
0.285210818052292 0.240798711776733 3.32900023460388 219 63 57
0.294142216444016 0.240717589855194 3.32800006866455 222 65 62
0.303887069225311 0.241287216544151 3.3360002040863 229 70 67
0.313861936330795 0.242001205682755 3.34600019454956 225 66 63
0.323117792606354 0.242136269807816 3.34800004959106 223 64 61
0.331391304731369 0.24154794216156 3.34000015258789 224 65 62
0.338601171970367 0.240236267447472 3.32200026512146 222 65 62
0.347595870494843 0.240226089954376 3.32200026512146 221 64 61
0.357018887996674 0.240504935383797 3.32600021362305 225 71 67
0.365802079439163 0.24034970998764 3.32400012016296 225 71 67
0.373558610677719 0.239543542265892 3.31300020217896 222 70 64
0.381831705570221 0.239098727703094 3.30700016021729 226 74 68
0.392080038785934 0.239882811903954 3.31800007820129 227 75 71
0.402386695146561 0.240666627883911 3.32900023460388 228 76 72
0.411763042211533 0.24087181687355 3.33200025558472 229 78 78
0.421280711889267 0.241149097681046 3.3360002040863 203 71 72
-0.0128157017752528 0.232119381427765 3.33200025558472 236 76 67
-0.00377263617701828 0.232189312577248 3.33300018310547 238 75 66
0.00526163028553128 0.231631964445114 3.32500004768372 238 72 66
0.0142610436305404 0.231213703751564 3.31900024414063 237 71 65
0.0233540311455727 0.232049062848091 3.33100008964539 234 68 62
0.0324245505034924 0.232257202267647 3.33400011062622 238 72 67
0.0414863638579845 0.232325732707977 3.33500027656555 234 70 65
0.0504019036889076 0.231697335839272 3.32600021362305 234 70 67
0.0596257783472538 0.232461914420128 3.33700013160706 234 70 67
0.0685592517256737 0.232041984796524 3.33100008964539 232 68 65
0.077506497502327 0.231761083006859 3.3270001411438 231 67 64
0.0863537266850472 0.231270968914032 3.32000017166138 238 74 71
0.0954786241054535 0.231546804308891 3.32400012016296 232 68 63
0.10440481454134 0.23133473098278 3.32100009918213 230 67 64
0.113280206918716 0.23105277121067 3.31700015068054 230 67 64
0.122502125799656 0.231467127799988 3.32300019264221 226 66 60
0.131835326552391 0.232020497322083 3.33100008964539 228 67 64
0.140873149037361 0.232016295194626 3.33100008964539 228 68 62
0.149505436420441 0.23138502240181 3.32200026512146 230 70 63
0.158422395586967 0.231241032481194 3.32000017166138 229 69 60
0.16752964258194 0.231375366449356 3.32200026512146 230 70 63
0.176381453871727 0.231161221861839 3.31900024414063 225 65 58
0.185272201895714 0.23101644217968 3.31700015068054 230 70 64
0.194268628954887 0.231010735034943 3.31700015068054 227 66 63
0.203754588961601 0.231561884284019 3.32500004768372 226 65 62
0.212515369057655 0.231277048587799 3.32100009918213 222 63 60
0.221520513296127 0.231270551681519 3.32100009918213 226 67 64
0.230733156204224 0.231472730636597 3.32400012016296 225 66 63
0.240394055843353 0.232092440128326 3.33300018310547 222 65 62
0.248681008815765 0.231388807296753 3.32300019264221 222 65 62
0.256370097398758 0.230197593569756 3.30600023269653 224 70 64
0.264848977327347 0.229772120714188 3.30000019073486 226 72 66
0.274207085371017 0.230112314224243 3.3050000667572 224 70 64
0.283762812614441 0.230591520667076 3.3120002746582 224 68 62
0.292648404836655 0.230513453483582 3.31100010871887 226 69 66
0.301618665456772 0.230504795908928 3.31100010871887 223 67 61
0.310588002204895 0.230495914816856 3.31100010871887 224 66 60
0.319845825433731 0.230695620179176 3.31400012969971 228 70 64
0.32892045378685 0.230755895376205 3.31500005722046 229 72 69
0.337184011936188 0.230259090662003 3.30800008773804 230 74 68
0.345617830753326 0.229901269078255 3.3030002117157 230 76 70
0.355741053819656 0.230656936764717 3.31400012969971 228 74 68
0.3646020591259 0.230577111244202 3.31300020217896 228 74 68
0.372779995203018 0.230079546570778 3.30600023269653 225 74 66
0.38126528263092 0.229790568351746 3.30200004577637 225 74 66
0.391500353813171 0.23054526746273 3.31300020217896 228 76 72
0.401310175657272 0.231021329760551 3.32000017166138 225 75 71
0.410538792610168 0.231149271130562 3.32200026512146 225 72 72
0.418640464544296 0.230650782585144 3.31500005722046 213 69 71
-0.0216833744198084 0.221273750066757 3.3050000667572 226 80 90
-0.0127237783744931 0.221475139260292 3.30800008773804 236 71 72
-0.00374671560712159 0.221609279513359 3.31000018119812 240 73 72
0.00524438265711069 0.221877053380013 3.31400012969971 238 74 71
0.0142528805881739 0.222077608108521 3.31700015068054 233 69 66
0.0232776142656803 0.222277924418449 3.32000017166138 229 63 60
0.0322699211537838 0.222143203020096 3.31800007820129 231 67 64
0.041176613420248 0.221606507897377 3.31000018119812 228 64 61
0.0501761138439178 0.22167207300663 3.31100010871887 228 64 63
0.0593595504760742 0.222406923770905 3.32200026512146 242 79 76
0.068437822163105 0.222605854272842 3.32500004768372 233 70 67
0.0773457586765289 0.222268968820572 3.32000017166138 227 64 61
0.0860702097415924 0.221530094742775 3.30900025367737 228 64 61
0.0951080769300461 0.221661314368248 3.31100010871887 228 64 61
0.104156449437141 0.22179226577282 3.31300020217896 231 68 65
0.113181158900261 0.221856012940407 3.31400012969971 230 69 66
0.122174009680748 0.221852511167526 3.31400012969971 227 66 63
0.131324738264084 0.222116574645042 3.31800007820129 234 73 70
0.140369862318039 0.222179517149925 3.31900024414063 227 66 63
0.149329885840416 0.222108334302902 3.31800007820129 229 68 65
0.158188506960869 0.221902996301651 3.31500005722046 226 65 62
0.167181596159935 0.221898227930069 3.31500005722046 224 63 60
0.175961539149284 0.221625506877899 3.31100010871887 226 66 60
0.184607416391373 0.22121861577034 3.3050000667572 231 70 67
0.193395853042603 0.221012324094772 3.30200004577637 223 62 59
0.20253498852253 0.2212073802948 3.3050000667572 223 62 59
0.211305752396584 0.221000581979752 3.30200004577637 230 69 66
0.219992831349373 0.220726653933525 3.29800009727478 227 66 64
0.228935092687607 0.220720186829567 3.29800009727478 228 69 66
0.238309368491173 0.22111502289772 3.30400013923645 225 69 63
0.247490853071213 0.22130885720253 3.30700016021729 223 69 63
0.255679607391357 0.220632448792458 3.29700016975403 223 69 63
0.264214545488358 0.220290452241898 3.29200005531311 222 68 62
0.273468345403671 0.220550522208214 3.29600024223328 222 68 62
0.282742828130722 0.220810309052467 3.30000019073486 228 72 66
0.291507720947266 0.220668375492096 3.29800009727478 222 63 60
0.300534099340439 0.22072696685791 3.29900026321411 226 67 64
0.309564977884293 0.220785349607468 3.30000019073486 224 66 60
0.318889796733856 0.221044212579727 3.30400013923645 229 73 67
0.327838271856308 0.221035197377205 3.30400013923645 222 68 64
0.336479961872101 0.220825329422951 3.30100011825562 228 74 68
0.345418274402618 0.220815926790237 3.30100011825562 224 72 66
0.355106890201569 0.2212745398283 3.30800008773804 223 71 65
0.363841831684113 0.22113099694252 3.30600023269653 227 76 68
0.372113734483719 0.220719635486603 3.30000019073486 225 74 66
0.380352050065994 0.220308169722557 3.29400014877319 226 75 67
0.390092968940735 0.220765948295593 3.30100011825562 226 74 70
0.399387031793594 0.220955982804298 3.30400013923645 232 80 76
0.408201813697815 0.220878332853317 3.3030002117157 230 79 81
0.41675740480423 0.220666766166687 3.30000019073486 206 60 63
-0.0217168126255274 0.212629973888397 3.31000018119812 227 84 91
-0.0127241499722004 0.212502017617226 3.30800008773804 234 77 77
-0.00373776908963919 0.212116792798042 3.30200004577637 235 74 72
0.00523504056036472 0.212502211332321 3.30800008773804 233 72 69
0.0142275132238865 0.212694630026817 3.31100010871887 235 71 66
0.0232572592794895 0.213079541921616 3.31700015068054 238 74 69
0.0322027802467346 0.212693318724632 3.31100010871887 235 71 66
0.0411031693220139 0.212242603302002 3.30400013923645 238 67 73
0.0501321144402027 0.212498232722282 3.30800008773804 232 64 69
0.0592540614306927 0.213010594248772 3.31600022315979 230 70 71
0.0682751536369324 0.213073015213013 3.31700015068054 233 74 72
0.0772315189242363 0.212942466139793 3.31500005722046 228 63 62
0.0859946757555008 0.212362021207809 3.30600023269653 228 60 64
0.0949672013521194 0.212359428405762 3.30600023269653 231 67 64
0.103970818221569 0.21242082118988 3.30700016021729 232 69 66
0.113013677299023 0.212546244263649 3.30900025367737 230 66 65
0.121993206441402 0.21254289150238 3.30900025367737 227 65 66
0.130972325801849 0.212539315223694 3.30900025367737 226 66 67
0.140035554766655 0.212663918733597 3.31100010871887 226 66 67
0.149019122123718 0.212659850716591 3.31100010871887 226 65 63
0.15800216794014 0.212655499577522 3.31100010871887 225 61 60
0.166782930493355 0.212394043803215 3.30700016021729 229 65 62
0.175594553351402 0.212196558713913 3.30400013923645 228 65 62
0.184221684932709 0.211806178092957 3.29800009727478 227 68 66
0.192932784557343 0.211544021964073 3.29400014877319 229 65 64
0.202111750841141 0.21179535984993 3.29800009727478 224 59 58
0.211055755615234 0.21178962290287 3.29800009727478 221 64 62
0.21966552734375 0.211462572216988 3.29300022125244 218 63 63
0.228455618023872 0.211327940225601 3.29100012779236 218 65 63
0.237594768404961 0.21151414513588 3.29400014877319 220 68 64
0.247048750519753 0.211956962943077 3.30100011825562 215 63 59
0.255454123020172 0.211500570178032 3.29400014877319 227 75 71
0.263981133699417 0.211172431707382 3.28900027275085 217 65 61
0.272812128067017 0.211100891232491 3.28800010681152 220 68 64
0.281722456216812 0.211093351244926 3.28800010681152 220 66 62
0.290189892053604 0.210764601826668 3.28300023078918 217 63 59
0.29908475279808 0.21075664460659 3.28300023078918 218 64 60
0.308353930711746 0.211005255579948 3.28700017929077 219 67 63
0.317643731832504 0.211253643035889 3.29100012779236 220 68 64
0.326557248830795 0.211245030164719 3.29100012779236 228 76 72
0.336081326007843 0.211621329188347 3.29700016975403 217 67 63
0.345008999109268 0.211612313985825 3.29700016975403 217 67 63
0.354257613420486 0.21179561316967 3.30000019073486 221 72 62
0.362530827522278 0.211401134729385 3.29400014877319 221 73 59
0.371447056531906 0.211391538381577 3.29400014877319 221 73 61
0.380362123250961 0.211381748318672 3.29400014877319 223 75 63
0.389039635658264 0.211243405938148 3.29200005531311 221 71 67
0.397826015949249 0.211169093847275 3.29100012779236 227 78 75
0.406605839729309 0.211094632744789 3.29000020027161 221 71 67
0.415378987789154 0.211019963026047 3.28900027275085 209 65 60
0.14888821542263 0.203494653105736 3.30800008773804 183 89 91
0.157815650105476 0.203428998589516 3.30700016021729 187 92 89
0.166737094521523 0.203363105654716 3.30600023269653 185 80 76
0.175705686211586 0.203358501195908 3.30600023269653 190 78 77
0.184673622250557 0.203353628516197 3.30600023269653 203 72 78
0.193582370877266 0.203287050127983 3.3050000667572 204 64 73
0.202607586979866 0.203343257308006 3.30600023269653 211 69 74
0.211253508925438 0.203030183911324 3.30100011825562 211 68 75
0.219871610403061 0.202716916799545 3.29600024223328 209 66 73
0.228600651025772 0.202526435256004 3.29300022125244 211 68 75
0.237601190805435 0.202581763267517 3.29400014877319 206 65 74
0.246830880641937 0.202821359038353 3.29800009727478 212 73 76
0.255616098642349 0.202691748738289 3.29600024223328 205 66 71
0.264469802379608 0.202623382210732 3.29500007629395 210 68 73
0.273483216762543 0.202677845954895 3.29600024223328 210 64 66
0.282158404588699 0.202486127614975 3.29300022125244 212 67 66
0.290904730558395 0.202355682849884 3.29100012779236 211 62 69
0.299821496009827 0.202348008751869 3.29100012779236 211 61 72
0.309018731117249 0.202524602413177 3.29400014877319 211 71 74
0.317748546600342 0.202393561601639 3.29200005531311 209 74 72
0.3267642557621 0.202446788549423 3.29300022125244 210 70 73
0.335988134145737 0.2026227414608 3.29600024223328 205 62 71
0.345331877470016 0.202859982848167 3.30000019073486 211 66 82
0.35383740067482 0.202605232596397 3.29600024223328 209 69 79
0.362430095672607 0.202411785721779 3.29300022125244 207 67 76
0.371118247509003 0.202279642224312 3.29100012779236 214 64 74
0.380140870809555 0.202331706881523 3.29200005531311 213 64 78
0.388340443372726 0.201953381299973 3.28600025177002 209 65 78
0.397352486848831 0.202005088329315 3.28700017929077 215 72 81
0.406121641397476 0.201933741569519 3.28600025177002 212 78 80
0.415389388799667 0.202108055353165 3.28900027275085 200 70 74
0.423769056797028 0.20185199379921 3.28500008583069 195 96 109
