-0.0238155201077461 0.212765619158745 3.43800020217896 186 105 102
-0.0144347222521901 0.213013738393784 3.44200015068054 221 104 103
-0.00503930356353521 0.213571026921272 3.45100021362305 222 103 100
0.0044002472423017 0.213880464434624 3.45600008964539 236 113 108
0.0138550940901041 0.214003950357437 3.45800018310547 238 117 112
0.0233140774071217 0.214065283536911 3.45900011062622 240 112 107
0.0327500216662884 0.213940680027008 3.45700025558472 241 106 102
0.0422237180173397 0.214063301682472 3.45900011062622 243 102 101
0.0516334772109985 0.213876217603683 3.45600008964539 249 108 107
0.0611150041222572 0.213998273015022 3.45800018310547 238 97 96
0.0706480294466019 0.214243829250336 3.46200013160706 248 108 103
0.0802489146590233 0.21461284160614 3.46800017356873 249 115 109
0.0897270441055298 0.214610293507576 3.46800017356873 252 117 113
0.0992906242609024 0.214793086051941 3.47100019454956 254 116 112
0.108838886022568 0.214913710951805 3.47300004959106 246 122 123
-0.107568353414536 0.201818913221359 3.41200017929077 176 95 91
-0.0984453335404396 0.202235952019691 3.41900014877319 212 96 90
-0.0611919574439526 0.202659249305725 3.42600011825562 215 90 95
-0.0518880262970924 0.202897503972054 3.4300000667572 221 92 98
-0.0425496287643909 0.203076347708702 3.43300008773804 226 96 100
-0.0331560149788857 0.203018292784691 3.43200016021729 222 90 91
-0.0237885173410177 0.203137427568436 3.43400025367737 232 97 95
-0.014397406950593 0.20307882130146 3.43300008773804 232 91 88
-0.00502046896144748 0.203374892473221 3.43800020217896 232 92 87
0.00437873182818294 0.20343405008316 3.43900012969971 234 94 87
0.0137873897328973 0.203552097082138 3.44100022315979 240 100 95
0.0232069231569767 0.203669860959053 3.44300007820129 239 97 92
0.0325899347662926 0.203491598367691 3.44000005722046 245 98 94
0.0419442020356655 0.203253895044327 3.43600010871887 251 102 98
0.0514258407056332 0.203607454895973 3.44200015068054 250 101 97
0.06090472266078 0.203842446208 3.44600009918213 252 103 99
0.0703236013650894 0.203840538859367 3.44600009918213 250 106 101
0.0796727761626244 0.203660905361176 3.44300007820129 255 115 110
0.0891346037387848 0.20377679169178 3.44500017166138 252 112 107
0.0985783934593201 0.20383320748806 3.44600009918213 250 108 103
0.10793324559927 0.203711926937103 3.44400024414063 249 110 109
0.117515221238136 0.204004421830177 3.44900012016296 245 123 123
-0.18199148774147 0.192297324538231 3.40900015830994 177 91 87
-0.172881901264191 0.192527800798416 3.41300010681152 186 97 94
-0.163941457867622 0.192983701825142 3.42100024223328 190 93 90
-0.154188439249992 0.192480340600014 3.41200017929077 199 92 88
-0.144611358642578 0.192145973443985 3.4060001373291 212 85 85
-0.135265126824379 0.192093372344971 3.40500020980835 217 78 79
-0.126108780503273 0.192322626709938 3.40900015830994 219 76 73
-0.11689580231905 0.192495226860046 3.41200017929077 225 84 81
-0.107319168746471 0.192046970129013 3.40400004386902 233 92 89
-0.0981313809752464 0.192275494337082 3.40800023078918 225 81 76
-0.0890255644917488 0.192729443311691 3.41600012779236 229 80 76
-0.0798756703734398 0.193183124065399 3.42400026321411 238 87 87
-0.0704963654279709 0.193128794431686 3.42300009727478 230 77 77
-0.0610329397022724 0.192792072892189 3.41700005531311 229 76 76
-0.0516474507749081 0.192624390125275 3.41400027275085 243 90 88
-0.0423153415322304 0.19262570142746 3.41400027275085 234 87 83
-0.0329733937978745 0.192570298910141 3.41300010681152 238 91 87
-0.0236783511936665 0.192853197455406 3.41800022125244 237 91 84
-0.014326517470181 0.192740872502327 3.41600012779236 246 98 91
-0.00499724643304944 0.193079695105553 3.42200016975403 242 94 86
0.00435211742296815 0.192854002118111 3.41800022125244 245 98 87
0.0137316845357418 0.193361565470695 3.42700004577637 244 96 88
0.0231064762920141 0.193417474627495 3.4280002117157 243 94 86
0.0325055941939354 0.193585976958275 3.43100023269653 242 93 85
0.0418355204164982 0.193359240889549 3.42700004577637 245 97 90
0.0512778870761395 0.193640068173409 3.43200016021729 247 99 92
0.0606943666934967 0.193751364946365 3.43400025367737 246 100 93
0.0699786692857742 0.193467453122139 3.42900013923645 247 103 96
0.0792816355824471 0.193296119570732 3.42600011825562 255 114 109
0.0885420143604279 0.193068116903305 3.42200016975403 253 109 104
0.0980376377701759 0.193347632884979 3.42700004577637 255 115 110
0.107152789831161 0.192893460392952 3.41900014877319 250 109 106
0.116632640361786 0.193116039037704 3.42300009727478 253 120 118
-0.308891355991364 0.180912211537361 3.37200021743774 213 83 87
-0.299070656299591 0.180544301867485 3.36500024795532 213 89 90
-0.289803922176361 0.180498048663139 3.36400008201599 214 89 90
-0.281125485897064 0.18082720041275 3.37000012397766 212 78 79
-0.272171199321747 0.180995181202888 3.3730001449585 219 86 84
-0.26273176074028 0.180840998888016 3.37000012397766 219 81 77
-0.253683835268021 0.180954918265343 3.37200021743774 223 76 73
-0.245131507515907 0.181444257497787 3.38100004196167 223 76 72
-0.236250057816505 0.181718751788139 3.38600015640259 219 72 68
-0.227206334471703 0.181885719299316 3.38900017738342 228 79 75
-0.21827395260334 0.182159796357155 3.39400005340576 226 77 73
-0.208882376551628 0.182057961821556 3.39200019836426 220 71 67
-0.19967745244503 0.1821169257164 3.39300012588501 225 75 71
-0.189961224794388 0.181692585349083 3.38500022888184 228 76 72
-0.181195512413979 0.182180479168892 3.39400005340576 222 68 64
-0.171822756528854 0.182077720761299 3.39200019836426 228 71 68
-0.162987366318703 0.182565182447433 3.40100026130676 230 71 68
-0.153379112482071 0.182193547487259 3.39400005340576 227 70 67
-0.144063264131546 0.182143777608871 3.39300012588501 231 79 75
-0.134434506297112 0.181664258241653 3.3840000629425 224 72 68
-0.125335305929184 0.181882411241531 3.38800024986267 226 74 70
-0.116008162498474 0.181778192520142 3.38600015640259 230 80 76
-0.106691494584084 0.181673750281334 3.3840000629425 233 85 78
-0.0974141359329224 0.181622743606567 3.38300013542175 237 85 79
-0.088350348174572 0.182001009583473 3.39000010490417 231 79 75
-0.0793412700295448 0.182593807578087 3.40100026130676 234 79 77
-0.0701481476426125 0.182864218950272 3.4060001373291 233 80 78
-0.0607487969100475 0.182597488164902 3.40100026130676 239 87 83
-0.0513614043593407 0.182276830077171 3.39500021934509 238 86 82
-0.0420190058648586 0.182009622454643 3.39000010490417 236 86 82
-0.0327907241880894 0.182225376367569 3.39400005340576 241 91 85
-0.0235542953014374 0.182548269629478 3.40000009536743 233 85 77
-0.0142472200095654 0.182387679815292 3.3970000743866 240 92 84
-0.00496233347803354 0.182441651821136 3.39800024032593 246 99 88
0.00432294933125377 0.182280570268631 3.39500021934509 245 98 87
0.0136398952454329 0.182763546705246 3.40400004386902 241 92 82
0.0229588076472282 0.182870447635651 3.4060001373291 248 99 91
0.0322980359196663 0.183030784130096 3.40900015830994 246 97 89
0.0415802858769894 0.182868719100952 3.4060001373291 244 96 89
0.0509505607187748 0.183082267642021 3.41000008583069 251 103 96
0.0603425018489361 0.18329556286335 3.41400027275085 253 109 102
0.0696948319673538 0.183347523212433 3.41500020027161 247 103 96
0.0789598003029823 0.183184519410133 3.41200017929077 249 105 100
0.0881562829017639 0.18291386961937 3.40700006484985 249 105 100
0.0975825563073158 0.183126166462898 3.41100025177002 250 106 101
0.106810912489891 0.182962417602539 3.40800023078918 255 110 103
0.116295039653778 0.183227926492691 3.41300010681152 255 113 108
0.125621989369392 0.183224737644196 3.41300010681152 239 115 112
-0.307891249656677 0.171145066618919 3.36100006103516 212 68 70
-0.298633605241776 0.17110139131546 3.3600001335144 214 64 64
-0.289121806621552 0.170904725790024 3.35600018501282 221 68 68
-0.28038164973259 0.171166196465492 3.36100006103516 219 66 64
-0.271935880184174 0.171631202101707 3.37000012397766 221 68 66
-0.26234844326973 0.171383008360863 3.36500024795532 222 70 66
-0.253013014793396 0.171287402510643 3.36300015449524 222 65 62
-0.244340121746063 0.171649977564812 3.37000012397766 223 64 61
-0.23555825650692 0.171961426734924 3.37600016593933 232 76 70
-0.226273432374001 0.171916142106056 3.37500023841858 224 72 66
-0.21705749630928 0.17192155122757 3.37500023841858 226 72 68
-0.207717582583427 0.171824887394905 3.3730001449585 227 73 67
-0.198328912258148 0.171677052974701 3.37000012397766 228 71 68
-0.189011991024017 0.171579927206039 3.36800026893616 227 73 69
-0.180185750126839 0.171941116452217 3.37500023841858 227 73 69
-0.17091529071331 0.171894505620003 3.37400007247925 232 75 72
-0.161889269948006 0.172102421522141 3.37800025939941 226 69 66
-0.152388796210289 0.17180061340332 3.37200021743774 220 66 62
-0.143260195851326 0.17190620303154 3.37400007247925 232 78 74
-0.133762568235397 0.17155297100544 3.36700010299683 230 76 72
-0.124635599553585 0.171658128499985 3.36900019645691 224 72 68
-0.115394420921803 0.171610161662102 3.36800026893616 231 79 75
-0.10609520226717 0.171460077166557 3.36500024795532 228 76 72
-0.0968407317996025 0.171360701322556 3.36300015449524 230 76 72
-0.0877271220088005 0.171515867114067 3.36600017547607 230 76 72
-0.0787134170532227 0.171925589442253 3.37400007247925 235 81 77
-0.0696350559592247 0.172284156084061 3.38100004196167 233 81 77
-0.0603931099176407 0.172285780310631 3.38100004196167 237 85 79
-0.0510601475834847 0.171981438994408 3.37500023841858 242 91 83
-0.04179697483778 0.171829730272293 3.37200021743774 234 83 73
-0.0325886756181717 0.171881631016731 3.3730001449585 241 90 80
-0.0234579108655453 0.172544777393341 3.38600015640259 243 93 81
-0.0141930626705289 0.172443345189095 3.3840000629425 242 93 83
-0.00494201527908444 0.172443583607674 3.3840000629425 247 98 88
0.00430778041481972 0.172392651438713 3.38300013542175 241 92 82
0.0135841472074389 0.172749131917953 3.39000010490417 246 97 87
0.02288524992764 0.17300346493721 3.39500021934509 239 88 80
0.0321662276983261 0.173002779483795 3.39500021934509 244 95 85
0.0414348617196083 0.172950878739357 3.39400005340576 243 95 87
0.0506679825484753 0.172796860337257 3.39100027084351 255 107 100
0.0600259006023407 0.173050239682198 3.39600014686584 249 102 98
0.0693496838212013 0.173150554299355 3.39800024032593 246 102 97
0.0786146968603134 0.173097729682922 3.3970000743866 248 101 97
0.0877186506986618 0.172738939523697 3.39000010490417 250 103 99
0.0971273183822632 0.172991424798965 3.39500021934509 250 103 99
0.106374859809875 0.172937899827957 3.39400005340576 253 105 98
0.115820966660976 0.173189908266068 3.39900016784668 249 102 98
0.124815441668034 0.172779276967049 3.39100027084351 245 104 101
0.134398341178894 0.173183649778366 3.39900016784668 239 114 114
-0.30588299036026 0.160907253623009 3.33900022506714 195 67 62
-0.297218412160873 0.161155000329018 3.34400010108948 226 74 70
-0.288094758987427 0.161161676049232 3.34400010108948 228 71 68
-0.279553949832916 0.161505490541458 3.3510000705719 226 67 64
-0.270812511444092 0.161752760410309 3.35600018501282 222 63 60
-0.261497020721436 0.161662459373474 3.35400009155273 226 67 64
-0.252266645431519 0.161620154976845 3.35300016403198 230 69 66
-0.243185788393021 0.161674067378044 3.35400009155273 222 63 60
-0.234098568558693 0.161727800965309 3.35500025749207 225 66 63
-0.224870845675468 0.161684885621071 3.35400009155273 225 66 63
-0.215776383876801 0.161738216876984 3.35500025749207 232 73 70
-0.206860393285751 0.161935970187187 3.35900020599365 227 68 65
-0.197450876235962 0.161747828125954 3.35500025749207 225 66 63
-0.188286960124969 0.161752343177795 3.35500025749207 228 69 66
-0.179122284054756 0.16175664961338 3.35500025749207 230 71 68
-0.169855609536171 0.161664292216301 3.35300016403198 228 70 64
-0.160838812589645 0.161812826991081 3.35600018501282 232 73 70
-0.151533797383308 0.161671847105026 3.35300016403198 229 72 69
-0.142584294080734 0.16191640496254 3.3580002784729 231 74 71
-0.133209615945816 0.161678567528725 3.35300016403198 225 71 67
-0.124120697379112 0.161778047680855 3.35500025749207 235 81 77
-0.114814750850201 0.161587983369827 3.3510000705719 229 75 71
-0.105593293905258 0.161494165658951 3.3490002155304 234 80 76
-0.0962671637535095 0.161207228899002 3.34300017356873 232 75 73
-0.0872601196169853 0.161450520157814 3.34800004959106 239 82 80
-0.0782254114747047 0.161693602800369 3.35300016403198 233 78 76
-0.0692454278469086 0.162129372358322 3.36200022697449 236 82 78
-0.0600373297929764 0.162082657217979 3.36100006103516 233 81 77
-0.0508344620466232 0.162035778164864 3.3600001335144 239 87 81
-0.0416616424918175 0.162085101008415 3.36100006103516 234 83 73
-0.0325121805071831 0.162278905510902 3.36500024795532 240 89 79
-0.0233545657247305 0.162568897008896 3.37100005149841 237 87 75
-0.0141221089288592 0.162376448512077 3.36700010299683 238 88 76
-0.00491584884002805 0.162328451871872 3.36600017547607 243 92 82
0.00429005827754736 0.162473142147064 3.36900019645691 240 89 81
0.0135203646495938 0.162714049220085 3.37400007247925 239 90 82
0.0227779541164637 0.162954747676849 3.37900018692017 241 90 82
0.0319964662194252 0.162857636809349 3.37700009346008 242 93 85
0.0412039123475552 0.162760317325592 3.37500023841858 243 95 87
0.0504151992499828 0.162711009383202 3.37400007247925 250 102 95
0.0597622357308865 0.163047268986702 3.38100004196167 247 99 92
0.0690656453371048 0.163190424442291 3.3840000629425 253 104 100
0.0782694667577744 0.163092225790024 3.382000207901 252 102 98
0.0874102786183357 0.162897348403931 3.37800025939941 247 97 93
0.096729151904583 0.163039833307266 3.38100004196167 250 100 96
0.106064036488533 0.163182079792023 3.3840000629425 250 100 96
0.115448959171772 0.163372352719307 3.38800024986267 249 99 95
0.124523997306824 0.163128405809402 3.38300013542175 245 95 91
0.13372939825058 0.163077145814896 3.382000207901 239 92 89
-0.304332315921783 0.151016235351563 3.32200026512146 207 91 85
-0.295536190271378 0.151159018278122 3.32500004768372 218 68 65
-0.287325710058212 0.151619911193848 3.33500027656555 225 68 66
-0.278392195701599 0.15171691775322 3.33700013160706 228 69 66
-0.269608080387115 0.151904687285423 3.34100008010864 228 67 64
-0.260255366563797 0.151774019002914 3.33800005912781 231 70 67
-0.251143723726273 0.151779562234879 3.33800005912781 228 67 64
-0.241958603262901 0.151739478111267 3.33700013160706 227 66 63
-0.232638478279114 0.151608228683472 3.33400011062622 223 64 61
-0.22387021780014 0.15184061229229 3.33900022506714 230 69 66
-0.214816510677338 0.151890873908997 3.34000015258789 227 68 66
-0.206002876162529 0.152122899889946 3.34500026702881 224 65 62
-0.196631386876106 0.151945397257805 3.34100008010864 227 68 65
-0.187505513429642 0.151949658989906 3.34100008010864 227 66 64
-0.178378880023956 0.15195369720459 3.34100008010864 232 71 68
-0.169352903962135 0.152048513293266 3.34300017356873 229 68 66
-0.160411134362221 0.152234107255936 3.34700012207031 226 67 65
-0.151130512356758 0.152101099491119 3.34400010108948 230 71 69
-0.14199310541153 0.152104392647743 3.34400010108948 227 70 67
-0.132735922932625 0.151970982551575 3.34100008010864 230 73 70
-0.123716585338116 0.152110308408737 3.34400010108948 239 80 77
-0.114577569067478 0.152112975716591 3.34400010108948 238 79 76
-0.105343475937843 0.151978954672813 3.34100008010864 227 70 68
-0.0960101932287216 0.151662796735764 3.33400011062622 231 71 72
-0.0869233161211014 0.151710361242294 3.33500027656555 230 73 73
-0.0779705792665482 0.152030631899834 3.34200024604797 230 75 75
-0.0689792633056641 0.152350708842278 3.3490002155304 234 79 79
-0.0599136762320995 0.152579620480537 3.35400009155273 239 84 82
-0.0507146008312702 0.152489885687828 3.35200023651123 232 78 74
-0.0416006296873093 0.15267288684845 3.35600018501282 232 80 74
-0.032396987080574 0.152537241578102 3.35300016403198 240 86 80
-0.0232511851936579 0.152674362063408 3.35600018501282 241 90 82
-0.0140679096803069 0.152583792805672 3.35400009155273 234 83 75
-0.0049028187058866 0.152720496058464 3.35700011253357 240 88 82
0.00427997019141912 0.152902454137802 3.36100006103516 241 89 83
0.0134765990078449 0.152993246912956 3.36300015449524 241 91 85
0.0226638857275248 0.15294736623764 3.36200022697449 240 88 82
0.0318361334502697 0.152855738997459 3.3600001335144 245 95 89
0.0410217382013798 0.152854934334755 3.3600001335144 242 92 86
0.0502519980072975 0.152990370988846 3.36300015449524 242 94 87
0.0594807974994183 0.153080135583878 3.36500024795532 247 99 92
0.0686998590826988 0.153124183416367 3.36600017547607 243 94 90
0.0777852609753609 0.152895078063011 3.36100006103516 250 100 96
0.0869206413626671 0.152802243828773 3.35900020599365 249 99 96
0.0961019620299339 0.152800187468529 3.35900020599365 248 95 93
0.105439603328705 0.15302537381649 3.36400008201599 252 100 96
0.114701919257641 0.153113886713982 3.36600017547607 248 98 94
0.123827487230301 0.153020247817039 3.36400008201599 251 101 97
0.132862538099289 0.152835428714752 3.3600001335144 252 105 101
0.142086550593376 0.152877852320671 3.36100006103516 233 108 108
-0.294120192527771 0.141394436359406 3.30900025367737 176 54 54
-0.286039352416992 0.141870334744453 3.32000017166138 231 67 68
-0.277063190937042 0.141918778419495 3.32100009918213 228 63 62
-0.268080472946167 0.141967058181763 3.32200026512146 226 62 61
-0.258935362100601 0.141929686069489 3.32100009918213 229 65 64
-0.2498699426651 0.141934871673584 3.32100009918213 234 70 69
-0.240658551454544 0.141854420304298 3.31900024414063 235 71 70
-0.231526926159859 0.141816526651382 3.31800007820129 224 63 61
-0.222869232296944 0.142077669501305 3.32400012016296 226 65 62
-0.214113593101501 0.142295882105827 3.32900023460388 228 67 65
-0.205145046114922 0.142385706305504 3.33100008964539 232 71 68
-0.195929348468781 0.142304375767708 3.32900023460388 233 72 69
-0.186723798513412 0.142222881317139 3.3270001411438 229 68 66
-0.177688613533974 0.142269402742386 3.32800006866455 232 71 68
-0.168647289276123 0.142315775156021 3.32900023460388 227 66 64
-0.159695670008659 0.14244744181633 3.33200025558472 232 71 69
-0.15063664317131 0.142493456602097 3.33300018310547 230 69 67
-0.141529083251953 0.142496511340141 3.33300018310547 236 77 74
-0.132341474294662 0.14241386950016 3.33100008964539 229 70 67
-0.123312301933765 0.142502069473267 3.33300018310547 230 71 68
-0.114237405359745 0.142547324299812 3.33400011062622 228 69 66
-0.105156600475311 0.142592415213585 3.33500027656555 227 68 66
-0.0958683118224144 0.142337992787361 3.32900023460388 237 77 78
-0.0867948681116104 0.142382651567459 3.33000016212463 236 79 77
-0.0777156352996826 0.142427161335945 3.33100008964539 228 73 71
-0.0687130093574524 0.142642498016357 3.3360002040863 235 78 78
-0.0596827603876591 0.142857655882835 3.34100008010864 237 80 78
-0.0505492836236954 0.142858818173409 3.34100008010864 228 74 70
-0.0414527878165245 0.142988070845604 3.34400010108948 230 78 74
-0.0322527624666691 0.142732292413712 3.33800005912781 236 84 80
-0.0231131240725517 0.142647370696068 3.3360002040863 238 86 80
-0.0139759397134185 0.142476707696915 3.33200025558472 241 89 83
-0.00487517565488815 0.142733484506607 3.33800005912781 245 93 87
0.00426096236333251 0.143075570464134 3.34600019454956 232 80 74
0.0134167801588774 0.14316089451313 3.34800004959106 240 87 87
0.0225295536220074 0.142903953790665 3.34200024604797 244 91 91
0.03167574852705 0.142946138978004 3.34300017356873 243 96 93
0.0408028699457645 0.142902612686157 3.34200024604797 240 97 86
0.0500588417053223 0.143243730068207 3.35000014305115 243 98 87
0.059146236628294 0.143071532249451 3.34600019454956 245 95 91
0.068374790251255 0.143241226673126 3.35000014305115 249 97 93
0.0774166509509087 0.143025875091553 3.34500026702881 245 92 90
0.0865861251950264 0.143066912889481 3.34600019454956 248 95 93
0.0957035049796104 0.14302222430706 3.34500026702881 242 92 88
0.105034433305264 0.143276646733284 3.3510000705719 248 98 94
0.114193268120289 0.143274337053299 3.3510000705719 245 95 91
0.123351633548737 0.143271833658218 3.3510000705719 246 100 93
0.13223272562027 0.142969876527786 3.34400010108948 253 105 98
0.141244113445282 0.142838731408119 3.34100008010864 245 101 96
-0.293237090110779 0.131956696510315 3.29900026321411 175 63 62
-0.284666448831558 0.132162168622017 3.30400013923645 228 63 67
-0.275650352239609 0.132167488336563 3.30400013923645 226 61 62
-0.266713857650757 0.132212653756142 3.3050000667572 230 65 64
-0.257614970207214 0.132177665829659 3.30400013923645 225 60 59
-0.248294875025749 0.132022485136986 3.30000019073486 225 60 59
-0.239285632967949 0.132027164101601 3.30000019073486 225 61 60
-0.230764001607895 0.132311746478081 3.30700016021729 226 65 62
-0.222203195095062 0.13259619474411 3.31400012969971 227 66 63
-0.213346064090729 0.132720440626144 3.31700015068054 229 68 65
-0.203917399048805 0.132484406232834 3.31100010871887 230 70 64
-0.194815024733543 0.132448270916939 3.31000018119812 230 70 64
-0.185717329382896 0.132411971688271 3.30900025367737 228 67 64
-0.176891326904297 0.132575571537018 3.31300020217896 229 68 66
-0.167840123176575 0.132578939199448 3.31300020217896 225 63 64
-0.158932045102119 0.132702171802521 3.31600022315979 233 71 72
-0.149916544556618 0.132745236158371 3.31700015068054 231 70 68
-0.140937462449074 0.132828146219254 3.31900024414063 227 68 65
-0.131787955760956 0.132750764489174 3.31700015068054 232 71 69
-0.122870832681656 0.132913380861282 3.32100009918213 233 72 70
-0.114034131169319 0.133195862174034 3.32800006866455 232 71 68
-0.104906477034092 0.133157998323441 3.3270001411438 232 75 72
-0.0955822765827179 0.132839798927307 3.31900024414063 238 81 78
-0.0864056721329689 0.132681488990784 3.31500005722046 236 82 78
-0.0774839147925377 0.132923275232315 3.32100009918213 229 77 73
-0.0684672370553017 0.133044794201851 3.32400012016296 230 76 72
-0.0594338849186897 0.133166134357452 3.3270001411438 230 76 72
-0.0502931028604507 0.13304714858532 3.32400012016296 227 73 69
-0.0412181057035923 0.133088082075119 3.32500004768372 230 78 74
-0.0320794992148876 0.132888689637184 3.32000017166138 237 84 82
-0.0230096727609634 0.132929265499115 3.32100009918213 237 85 81
-0.0139300860464573 0.132929623126984 3.32100009918213 236 84 80
-0.00485921045765281 0.13316997885704 3.3270001411438 242 90 86
0.00423685368150473 0.13316997885704 3.3270001411438 240 86 82
0.0133288940414786 0.133129790425301 3.32600021362305 239 87 83
0.0223682206124067 0.132809221744537 3.31800007820129 234 87 83
0.0314584672451019 0.132888734340668 3.32000017166138 255 163 131
0.0405351035296917 0.13288801908493 3.32000017166138 255 152 117
0.0497161746025085 0.133167296648026 3.3270001411438 230 96 74
0.058811578899622 0.133166208863258 3.3270001411438 229 84 72
0.0680496245622635 0.133445143699646 3.33400011062622 235 88 77
0.0770942121744156 0.13332362473011 3.33100008964539 236 88 81
0.0861738547682762 0.133281990885735 3.33000016212463 249 100 96
0.0952190533280373 0.133200123906136 3.32800006866455 245 95 91
0.104472361505032 0.133398294448853 3.33300018310547 252 102 96
0.11361625790596 0.133436158299446 3.33400011062622 249 100 90
0.122654736042023 0.133353769779205 3.33200025558472 247 100 89
0.131642252206802 0.133231207728386 3.32900023460388 249 100 90
0.140612855553627 0.133108481764793 3.32600021362305 248 100 93
0.149656489491463 0.133065596222878 3.32500004768372 250 110 105
-0.283551603555679 0.1226527094841 3.29100012779236 214 60 63
-0.274320513010025 0.122545838356018 3.28800010681152 230 68 69
-0.26526615023613 0.122513361275196 3.28700017929077 228 64 65
-0.256606101989746 0.122667104005814 3.29100012779236 224 59 60
-0.247697502374649 0.122708879411221 3.29200005531311 229 64 63
-0.238564968109131 0.122638687491417 3.29000020027161 235 71 70
-0.230070471763611 0.12290383130312 3.29700016975403 228 67 64
-0.22100043296814 0.122870616614819 3.29600024223328 230 69 66
-0.212127953767776 0.122949078679085 3.29800009727478 225 66 63
-0.202627882361412 0.122654601931572 3.29000020027161 226 68 62
-0.193700388073921 0.122695475816727 3.29100012779236 230 70 64
-0.184654429554939 0.122661627829075 3.29000020027161 229 65 64
-0.175880163908005 0.122814036905766 3.29400014877319 231 70 68
-0.16688072681427 0.122817173600197 3.29400014877319 226 65 63
-0.15792852640152 0.12285740673542 3.29500007629395 234 73 71
-0.149015441536903 0.12293479591608 3.29700016975403 234 73 71
-0.140175774693489 0.123086594045162 3.30100011825562 227 66 63
-0.131154745817184 0.123089089989662 3.30100011825562 232 71 69
-0.122392185032368 0.123352453112602 3.30800008773804 233 72 69
-0.113625131547451 0.123652927577496 3.31600022315979 235 76 73
-0.104530103504658 0.12361765652895 3.31500005722046 233 76 73
-0.0952385142445564 0.123321175575256 3.30700016021729 230 76 72
-0.0861206129193306 0.123210974037647 3.30400013923645 228 77 69
-0.0771587640047073 0.123324364423752 3.30700016021729 230 79 71
-0.0682419762015343 0.123549453914165 3.31300020217896 240 86 82
-0.0591491907835007 0.123476050794125 3.31100010871887 234 80 74
-0.0500519797205925 0.123365178704262 3.30800008773804 234 80 76
-0.0410205498337746 0.123403318226337 3.30900025367737 236 82 78
-0.0319544970989227 0.123329408466816 3.30700016021729 238 86 82
-0.0229200422763824 0.123367212712765 3.30800008773804 240 88 84
-0.0138674350455403 0.123292967677116 3.30600023269653 237 87 83
-0.00483593484386802 0.123479597270489 3.31100010871887 234 83 73
0.00421528564766049 0.123442307114601 3.31000018119812 237 85 79
0.0132530052214861 0.123330265283585 3.30700016021729 222 88 56
0.031335886567831 0.1233294531703 3.30700016021729 255 240 96
0.0403283201158047 0.123179614543915 3.3030002117157 255 243 93
0.0494033172726631 0.123290657997131 3.30600023269653 255 242 100
0.0585121996700764 0.123438835144043 3.31000018119812 255 248 109
0.0677447617053986 0.123773291707039 3.31900024414063 255 245 110
0.095020592212677 0.123843356966972 3.32100009918213 208 108 65
0.104129567742348 0.123878821730614 3.32200026512146 219 100 65
0.11327763646841 0.123951390385628 3.32400012016296 232 95 66
0.122215338051319 0.123800069093704 3.32000017166138 245 106 77
0.131328389048576 0.123835019767284 3.32100009918213 248 104 89
0.140192747116089 0.123646095395088 3.31600022315979 246 101 89
0.149434268474579 0.123792588710785 3.32000017166138 244 102 87
0.158267378807068 0.123603336513042 3.31500005722046 235 115 106
-0.282177865505219 0.113110177218914 3.27500009536743 199 61 60
-0.273073762655258 0.113045662641525 3.27300024032593 225 68 66
-0.263979434967041 0.112980991601944 3.27100014686584 227 63 62
-0.2552849650383 0.113088920712471 3.27400016784668 225 62 59
-0.246723592281342 0.113265790045261 3.27900004386902 228 65 62
-0.237553894519806 0.113166183233261 3.27600026130676 227 66 63
-0.228957936167717 0.113342814147472 3.2810001373291 225 66 63
-0.219730272889137 0.113208368420601 3.27700018882751 230 71 68
-0.211102515459061 0.113384716212749 3.28200006484985 228 69 66
-0.201707541942596 0.113146334886551 3.27500009536743 220 62 56
-0.192879736423492 0.113218747079372 3.27700018882751 229 68 65
-0.183591246604919 0.113014623522758 3.27100014686584 228 64 63
-0.174868762493134 0.113155864179134 3.27500009536743 228 67 65
-0.166022390127182 0.113227836787701 3.27700018882751 230 69 66
-0.157308220863342 0.113403350114822 3.28200006484985 231 70 68
-0.148430496454239 0.113475054502487 3.28400015830994 224 65 62
-0.139541268348694 0.11354660987854 3.28600025177002 225 66 63
-0.130481615662575 0.113479800522327 3.28400015830994 231 72 69
-0.121580369770527 0.113551065325737 3.28600025177002 229 70 67
-0.112804748117924 0.113760396838188 3.29200005531311 232 76 70
-0.103775165975094 0.113727703690529 3.29100012779236 228 75 67
-0.0945202186703682 0.113418370485306 3.28200006484985 233 80 72
-0.0854965597391129 0.113350801169872 3.28000020980835 226 74 62
-0.0766468122601509 0.113524988293648 3.28500008583069 235 83 71
-0.0678930133581162 0.113906390964985 3.29600024223328 234 81 73
-0.0588465519249439 0.113838344812393 3.29400014877319 232 79 69
-0.0498561710119247 0.113873839378357 3.29500007629395 230 77 69
-0.0407857410609722 0.113701812922955 3.29000020027161 230 78 74
-0.0317811407148838 0.113667882978916 3.28900027275085 230 78 74
-0.0227888058871031 0.113668359816074 3.28900027275085 233 80 80
-0.0138089563697577 0.113772340118885 3.29200005531311 233 80 78
-0.00481265177950263 0.113876193761826 3.29500007629395 235 85 73
0.00419625826179981 0.113876193761826 3.29500007629395 232 85 67
0.02220050804317 0.113806620240211 3.29300022125244 255 236 105
0.0311658848077059 0.1136679276824 3.28900027275085 255 245 85
0.0401092618703842 0.113529071211815 3.28500008583069 252 242 79
0.0490604937076569 0.113459184765816 3.28300023078918 255 243 87
0.0581596866250038 0.113700181245804 3.29000020027161 255 246 92
0.0672969147562981 0.113941006362438 3.29700016975403 255 245 89
0.0764258503913879 0.114112578332424 3.30200004577637 255 245 93
0.085478313267231 0.114145755767822 3.3030002117157 255 244 100
0.0945931002497673 0.114247873425484 3.30600023269653 255 248 128
0.10353584587574 0.114142514765263 3.3030002117157 255 245 142
0.112700305879116 0.114278882741928 3.30700016021729 255 226 144
0.130816638469696 0.114309281110764 3.30800008773804 255 139 104
0.139645591378212 0.114134199917316 3.3030002117157 225 91 69
0.14885176718235 0.114269964396954 3.30700016021729 238 102 80
0.157458528876305 0.11395638436079 3.29800009727478 237 111 95
0.165864080190659 0.113539017736912 3.28600025177002 212 103 99
-0.280545204877853 0.10355918109417 3.25600004196167 173 56 53
-0.271492809057236 0.103499762713909 3.25400018692017 218 65 63
-0.26261168718338 0.103503830730915 3.25400018692017 227 70 67
-0.254041433334351 0.103634998202324 3.25800013542175 234 73 70
-0.245523646473885 0.103797875344753 3.26300024986267 229 68 65
-0.236542508006096 0.10376975685358 3.26200008392334 227 66 63
-0.227705478668213 0.103805132210255 3.26300024986267 228 70 64
-0.218593910336494 0.103713132441044 3.26000022888184 227 69 63
-0.210076779127121 0.103907324373722 3.26600027084351 226 68 62
-0.201094895601273 0.103878691792488 3.26500010490417 222 64 58
-0.192294269800186 0.10394536703825 3.26700019836426 226 67 64
-0.182864561676979 0.103661924600601 3.25800013542175 230 69 67
-0.174124047160149 0.103760160505772 3.26100015640259 228 67 65
-0.165265128016472 0.103794626891613 3.26200008392334 229 68 65
-0.156591817736626 0.103956244885921 3.26700019836426 228 67 65
-0.147800147533417 0.10405408591032 3.27000021934509 227 66 63
-0.139033958315849 0.10418363660574 3.27400016784668 231 72 69
-0.130086436867714 0.104185745120049 3.27400016784668 227 68 65
-0.120916359126568 0.103996783494949 3.26800012588501 228 69 66
-0.111984200775623 0.103998608887196 3.26800012588501 231 75 69
-0.103114664554596 0.104063965380192 3.27000021934509 226 70 63
-0.0941185727715492 0.104001857340336 3.26800012588501 235 79 72
-0.0851330310106277 0.10393963009119 3.26600027084351 230 77 67
-0.0761814191937447 0.103909075260162 3.26500010490417 227 74 64
-0.0673997551202774 0.104132995009422 3.2720000743866 232 76 69
-0.0584902167320251 0.104197636246681 3.27400016784668 232 79 71
-0.0496451556682587 0.104421272873878 3.2810001373291 225 71 65
-0.0406252555549145 0.104294687509537 3.27700018882751 238 86 80
-0.0316270589828491 0.104167960584164 3.27300024032593 229 77 73
-0.0226783193647861 0.104168400168419 3.27300024032593 234 82 78
-0.0137546537443995 0.1043596342206 3.27900004386902 235 84 76
0.00417977152392268 0.104455269873142 3.28200006484985 255 240 121
0.0131532680243254 0.104455128312111 3.28200006484985 253 236 92
0.0221401993185282 0.104518510401249 3.28400015830994 255 241 93
0.0310716405510902 0.104358948767185 3.27900004386902 254 243 76
0.040000032633543 0.104262910783291 3.27600026130676 255 245 82
0.0489268079400063 0.104198560118675 3.27400016784668 255 244 84
0.0579308271408081 0.104293175041676 3.27700018882751 254 243 83
0.0669510215520859 0.104387678205967 3.28000020980835 255 244 88
0.0759873539209366 0.104482017457485 3.28300023078918 255 248 90
0.0850397646427155 0.104576215147972 3.28600025177002 255 247 87
0.0940223932266235 0.104574799537659 3.28600025177002 253 245 87
0.103036001324654 0.104605078697205 3.28700017929077 255 249 95
0.112156875431538 0.104730665683746 3.29100012779236 255 248 108
0.121078304946423 0.104665189981461 3.28900027275085 255 241 116
0.130186021327972 0.10475867241621 3.29200005531311 255 249 129
0.139055982232094 0.104661107063293 3.28900027275085 255 243 141
0.156888172030449 0.104561001062393 3.28600025177002 255 153 125
0.165715336799622 0.104463025927544 3.28300023078918 227 103 97
-0.27024519443512 0.0941735878586769 3.23900008201599 223 71 67
-0.261324197053909 0.0941482111811638 3.23800015449524 229 70 67
-0.252641588449478 0.0942099541425705 3.24000024795532 230 69 66
-0.24364610016346 0.0941552668809891 3.23800015449524 231 70 67
-0.234950631856918 0.0942167788743973 3.24000024795532 225 64 61
-0.226452723145485 0.0943654254078865 3.24500012397766 228 68 61
-0.217591315507889 0.0943685472011566 3.24500012397766 230 70 63
-0.208922058343887 0.0944588109850883 3.2480001449585 231 71 65
-0.200050801038742 0.09446170181036 3.2480001449585 227 69 63
-0.191237643361092 0.0944935604929924 3.24900007247925 232 71 68
-0.181969225406647 0.094292625784874 3.24200010299683 230 69 67
-0.173112094402313 0.0942951589822769 3.24200010299683 229 68 66
-0.164456948637962 0.0944139063358307 3.24600005149841 222 61 58
-0.15587517619133 0.0945907235145569 3.25200009346008 231 70 67
-0.147033974528313 0.094621978700161 3.25300025939941 226 67 64
-0.138314127922058 0.0947403833270073 3.257000207901 229 70 67
-0.129333436489105 0.0946841239929199 3.25500011444092 232 73 70
-0.120215155184269 0.0945113822817802 3.24900007247925 229 70 67
-0.111369095742702 0.0945421531796455 3.25000023841858 228 69 66
-0.102611668407917 0.0946600511670113 3.25400018692017 228 72 66
-0.0936879962682724 0.0946323797106743 3.25300025939941 228 72 65
-0.0847693830728531 0.0946045741438866 3.25200009346008 237 81 74
-0.0758792534470558 0.0946057438850403 3.25200009346008 232 79 69
-0.0670917928218842 0.094752237200737 3.257000207901 231 75 68
-0.0581695325672627 0.0947240442037582 3.25600004196167 234 80 74
-0.0493432879447937 0.0948702916502953 3.26100015640259 227 73 69
-0.040390320122242 0.0947836637496948 3.25800013542175 230 78 74
-0.0314246080815792 0.0946096256375313 3.25200009346008 231 82 72
-0.0225262232124805 0.0945809260010719 3.25100016593933 233 88 66
-0.0047719064168632 0.0950468108057976 3.26700019836426 255 231 100
0.00415563816204667 0.0949304550886154 3.26300024986267 255 236 97
0.0130693074315786 0.0948721319437027 3.26100015640259 253 237 89
0.0219719838351011 0.0948136895895004 3.2590000629425 254 239 87
0.0308825895190239 0.0948133021593094 3.2590000629425 252 245 70
0.0398297011852264 0.0949000716209412 3.26200008392334 255 245 81
0.0487631633877754 0.0949285253882408 3.26300024986267 255 248 84
0.0577018968760967 0.0949568524956703 3.26400017738342 255 245 82
0.0666458532214165 0.0949850305914879 3.26500010490417 253 242 84
0.0755950212478638 0.0950130969285965 3.26600027084351 255 248 88
0.0846010893583298 0.0950992107391357 3.26900005340576 255 245 85
0.0934801623225212 0.0950397402048111 3.26700019836426 255 247 90
0.102473303675652 0.0950965061783791 3.26900005340576 255 245 91
0.111442878842354 0.0951240509748459 3.27000021934509 255 248 95
0.12038066983223 0.0951223894953728 3.27000021934509 255 248 95
0.129436612129211 0.0952078551054001 3.27300024032593 255 247 94
0.138423874974251 0.0952350199222565 3.27400016784668 255 251 113
0.147371023893356 0.0952329635620117 3.27400016784668 255 169 88
0.156126588582993 0.0951144397258759 3.27000021934509 241 109 77
0.164708271622658 0.0949085503816605 3.26300024986267 238 101 97
0.173517063260078 0.0948479548096657 3.26100015640259 213 122 120
-0.26899728178978 0.0849290117621422 3.2240002155304 208 59 55
-0.260278522968292 0.0849586948752403 3.22500014305115 219 62 59
-0.251475274562836 0.0849619209766388 3.22500014305115 226 65 62
-0.242445379495621 0.0848860219120979 3.22200012207031 229 66 63
-0.234011054039001 0.0850207805633545 3.22700023651123 222 62 56
-0.22526940703392 0.0850500613451004 3.22800016403198 228 68 61
-0.216521352529526 0.0850792303681374 3.22900009155273 224 64 57
-0.207574069499969 0.0850292444229126 3.22700023651123 228 68 62
-0.198821678757668 0.0850582122802734 3.22800016403198 226 66 60
-0.190004155039787 0.085060715675354 3.22800016403198 229 68 65
-0.180905237793922 0.0849313512444496 3.22300004959106 234 73 71
-0.172260090708733 0.0850126817822456 3.2260000705719 227 66 63
-0.163445919752121 0.0850148573517799 3.2260000705719 227 66 63
-0.154870718717575 0.0851486921310425 3.23100018501282 232 71 68
-0.146086782217026 0.0851769968867302 3.23200011253357 225 66 63
-0.137424200773239 0.0852842628955841 3.23600006103516 224 65 62
-0.128461048007011 0.085206925868988 3.23300004005432 228 69 66
-0.119513802230358 0.0851294919848442 3.23000025749207 226 67 64
-0.110822327435017 0.0852364152669907 3.23400020599365 226 67 65
-0.102140069007874 0.0853695869445801 3.23900008201599 226 67 64
-0.0933148786425591 0.0853972285985947 3.24000024795532 227 70 67
-0.0845359563827515 0.0854774639010429 3.24300026893616 221 64 61
-0.0757636278867722 0.0855839475989342 3.24700021743774 234 80 76
-0.0669279173016548 0.085637591779232 3.24900007247925 227 73 69
-0.0579202175140381 0.0854539126157761 3.24200010299683 233 81 77
-0.0490564703941345 0.0854546129703522 3.24200010299683 225 75 72
-0.0401801243424416 0.0854288414120674 3.24100017547607 231 84 73
-0.0224433857947588 0.0853769481182098 3.23900008201599 255 231 131
-0.0136082330718637 0.0855089873075485 3.24400019645691 252 232 93
-0.00474714115262032 0.085667259991169 3.25000023841858 253 234 92
0.00413659168407321 0.0856145396828651 3.2480001449585 255 237 95
0.0130093703046441 0.085561715066433 3.24600005149841 255 238 94
0.0218441914767027 0.0854033306241035 3.24000024795532 255 238 92
0.030731400474906 0.0854820609092712 3.24300026893616 253 241 77
0.0397081449627876 0.0857188254594803 3.25200009346008 254 243 73
0.0486741662025452 0.0858500376343727 3.257000207901 255 243 83
0.057578943669796 0.0858493447303772 3.257000207901 255 242 84
0.0663814097642899 0.0857167318463326 3.25200009346008 251 239 83
0.075225718319416 0.0856630951166153 3.25000023841858 255 244 84
0.0841364189982414 0.085688404738903 3.25100016593933 255 245 85
0.0929950177669525 0.085660882294178 3.25000023841858 254 244 86
0.102035857737064 0.0857913866639137 3.25500011444092 255 248 88
0.110899120569229 0.0857636407017708 3.25400018692017 255 245 85
0.119793295860291 0.0857621282339096 3.25400018692017 255 248 91
0.128726527094841 0.0857868567109108 3.25500011444092 255 246 112
0.146832883358002 0.0859677568078041 3.26200008392334 245 110 84
0.155651271343231 0.0859130844473839 3.26000022888184 241 102 84
0.164155229926109 0.0857001841068268 3.25200009346008 241 101 96
0.172774478793144 0.0855662375688553 3.24700021743774 255 137 134
-0.268249541521072 0.0759077221155167 3.21500015258789 186 70 64
-0.259474545717239 0.075910709798336 3.21500015258789 220 68 64
-0.250386625528336 0.075819157063961 3.2110002040863 224 63 60
-0.241244345903397 0.0757038816809654 3.20600008964539 224 64 58
-0.23270857334137 0.0757774338126183 3.20900011062622 224 64 58
-0.224085718393326 0.0758272781968117 3.2110002040863 228 68 61
-0.215316995978355 0.0758297964930534 3.2110002040863 230 70 63
-0.20648305118084 0.0758085921406746 3.21000003814697 226 66 59
-0.197530627250671 0.0757400840520859 3.20700025558472 225 65 58
-0.188770368695259 0.0757423117756844 3.20700025558472 224 63 60
-0.180065512657166 0.0757680684328079 3.20800018310547 224 63 60
-0.171568036079407 0.0758881866931915 3.21300005912781 225 64 61
-0.162789270281792 0.0758901312947273 3.21300005912781 229 68 65
-0.154153630137444 0.0759628415107727 3.21600008010864 231 67 66
-0.145184576511383 0.0758701041340828 3.21200013160706 228 67 64
-0.136279255151749 0.0758008807897568 3.20900011062622 226 67 64
-0.127469286322594 0.0757788047194481 3.20800018310547 226 67 64
-0.118775255978107 0.0758274868130684 3.21000003814697 229 70 67
-0.110241144895554 0.0759941935539246 3.21700024604797 228 69 67
-0.101542182266712 0.0760663002729416 3.22000026702881 231 72 70
-0.0927400141954422 0.0760674402117729 3.22000026702881 235 76 73
-0.0840677991509438 0.0761866047978401 3.22500014305115 227 70 67
-0.0754612386226654 0.0764001533389091 3.23400020599365 232 75 72
-0.0667227581143379 0.0765191093087196 3.23900008201599 235 81 77
-0.0578137412667274 0.0764489695429802 3.23600006103516 228 76 72
-0.0488603636622429 0.076284222304821 3.22900009155273 229 79 75
-0.0399822667241097 0.0761902555823326 3.22500014305115 233 86 75
-0.013532891869545 0.0762148201465607 3.2260000705719 255 236 121
-0.00471652625128627 0.0762858018279076 3.22900009155273 255 237 110
0.00411371886730194 0.0763094425201416 3.23000025749207 254 233 99
0.0129454089328647 0.0763093456625938 3.23000025749207 253 235 99
0.0217365901917219 0.0761673822999001 3.2240002155304 254 234 95
0.0305896364152431 0.0762615725398064 3.22800016403198 254 238 81
0.0395254865288734 0.0764737874269485 3.23700022697449 255 242 80
0.0484356619417667 0.0765677690505981 3.24100017547607 255 239 85
0.0572791211307049 0.0765435099601746 3.24000024795532 255 242 86
0.0661168769001961 0.0765191689133644 3.23900008201599 252 240 84
0.0749257504940033 0.0764710828661919 3.23700022697449 255 244 86
0.0838010162115097 0.0764937773346901 3.23800015449524 253 243 83
0.0924811139702797 0.0763509944081306 3.23200011253357 255 247 89
0.101410157978535 0.0764207243919373 3.2350001335144 255 245 89
0.110321126878262 0.0764667391777039 3.23700022697449 255 240 98
0.119205743074417 0.0764890089631081 3.23800015449524 255 236 120
0.128016263246536 0.0764639377593994 3.23700022697449 232 108 75
0.136947631835938 0.0765096321702003 3.23900008201599 241 103 88
0.145889401435852 0.0765552222728729 3.24100017547607 247 98 90
0.154841497540474 0.0766007080674171 3.24300026893616 247 98 90
0.163551524281502 0.0765279978513718 3.24000024795532 248 100 93
0.172457337379456 0.0765496641397476 3.24100017547607 246 99 95
-0.266833961009979 0.0667682886123657 3.19800019264221 250 145 141
-0.258185982704163 0.0667918026447296 3.19900012016296 217 70 67
-0.249141648411751 0.0667108297348022 3.19500017166138 232 73 70
-0.240193441510201 0.0666506513953209 3.19200015068054 224 65 62
-0.23155078291893 0.0666739121079445 3.19300007820129 226 66 59
-0.222762197256088 0.0666553378105164 3.19200015068054 227 67 58
-0.21417935192585 0.0666993260383606 3.19400024414063 226 66 59
-0.205842018127441 0.0668267533183098 3.20000004768372 225 65 58
-0.197040006518364 0.0668079182505608 3.19900012016296 227 67 60
-0.188478127121925 0.0668725520372391 3.2020001411438 230 69 66
-0.179562285542488 0.0668117702007294 3.19900012016296 226 65 62
-0.170982539653778 0.066876232624054 3.2020001411438 229 66 63
-0.162081718444824 0.0668152794241905 3.19900012016296 225 62 59
-0.153388366103172 0.0668377950787544 3.20000004768372 226 62 61
-0.14455334842205 0.066797561943531 3.19800019264221 231 68 65
-0.135686203837395 0.0667363479733467 3.19500017166138 227 64 61
-0.126993864774704 0.0667585954070091 3.19600009918213 228 69 66
-0.118406526744366 0.0668434128165245 3.20000004768372 226 67 64
-0.10986540466547 0.0669699311256409 3.20600008964539 228 69 66
-0.10110180824995 0.0669710263609886 3.20600008964539 225 66 63
-0.0923954173922539 0.0670138150453568 3.20800018310547 223 64 61
-0.0836777091026306 0.0670565068721771 3.21000003814697 225 66 63
-0.07511205971241 0.0672453418374062 3.21900010108948 229 72 69
-0.0663733035326004 0.0673087537288666 3.22200012207031 234 77 74
-0.0574928000569344 0.0672258287668228 3.21800017356873 229 75 69
-0.0486036725342274 0.0671010464429855 3.21200013160706 229 76 68
-0.0398091413080692 0.0670806169509888 3.2110002040863 231 77 71
-0.0310682412236929 0.0671645551919937 3.21500015258789 227 75 71
-0.0222706869244576 0.0671439468860626 3.21400022506714 237 86 76
-0.0134868985041976 0.0671650171279907 3.21500015258789 221 71 57
-0.0046975901350379 0.0671859979629517 3.21600008010864 232 85 68
0.00409848056733608 0.0672277882695198 3.21800017356873 244 120 86
0.0305425934493542 0.0673317015171051 3.22300004959106 255 233 128
0.0393427647650242 0.0673104450106621 3.22200012207031 255 237 89
0.0481522455811501 0.0673099905252457 3.22200012207031 255 240 94
0.0568731427192688 0.0672049894928932 3.21700024604797 253 238 86
0.065668523311615 0.0672043487429619 3.21700024604797 255 241 85
0.0744867920875549 0.0672245100140572 3.21800017356873 255 241 84
0.0832843333482742 0.0672236829996109 3.21800017356873 255 244 84
0.0919670760631561 0.0671392157673836 3.21400022506714 254 242 88
0.10087838023901 0.0672217682003975 3.21800017356873 255 247 108
0.11869166046381 0.0673448294401169 3.2240002155304 210 98 46
0.127424448728561 0.0673017725348473 3.22200012207031 240 95 83
0.136188104748726 0.0672795251011848 3.22100019454956 240 94 87
0.144945725798607 0.0672571882605553 3.22000026702881 240 90 86
0.153983741998672 0.0673600658774376 3.22500014305115 244 94 90
0.163149461150169 0.0675046443939209 3.23200011253357 244 95 91
0.172299593687057 0.0676282420754433 3.23800015449524 245 98 94
0.181313961744308 0.0676890760660172 3.24100017547607 224 116 100
-0.256897032260895 0.0577600672841072 3.18300008773804 173 56 53
-0.247974306344986 0.0577078312635422 3.1800000667572 226 67 64
-0.239066958427429 0.0576555207371712 3.17700004577637 233 74 71
-0.230102613568306 0.057584997266531 3.17300009727478 228 70 63
-0.221577882766724 0.057623278349638 3.17500019073486 229 71 64
-0.212840259075165 0.0576070509850979 3.17400026321411 232 74 67
-0.204943433403969 0.0578266903758049 3.18600010871887 224 66 59
-0.196302771568298 0.0578466281294823 3.18700003623962 225 67 60
-0.187950149178505 0.0579572394490242 3.19300007820129 231 70 67
-0.179227218031883 0.0579588748514652 3.19300007820129 230 67 64
-0.170450195670128 0.0579422861337662 3.19200015068054 227 64 61
-0.161525949835777 0.0578711591660976 3.18800020217896 224 61 58
-0.152766704559326 0.0578544102609158 3.18700003623962 228 64 63
-0.143967121839523 0.0578194335103035 3.18500018119812 229 66 63
-0.135135427117348 0.0577662289142609 3.18200016021729 224 64 58
-0.126438796520233 0.0577674023807049 3.18200016021729 224 65 62
-0.117852658033371 0.0578229688107967 3.18500018119812 227 68 65
-0.109386704862118 0.0579510740935802 3.19200015068054 229 70 67
-0.100629761815071 0.0579338669776917 3.19100022315979 227 68 65
-0.0920218974351883 0.0580073669552803 3.19500017166138 226 65 62
-0.0832874998450279 0.0580081529915333 3.19500017166138 230 69 66
-0.0746927857398987 0.0581178106367588 3.20100021362305 230 71 68
-0.0659413486719131 0.0581184476613998 3.20100021362305 227 70 67
-0.0572074986994267 0.058137159794569 3.2020001411438 223 69 65
-0.0484528280794621 0.0581376403570175 3.2020001411438 232 78 74
-0.0396979488432407 0.0581380426883698 3.2020001411438 228 76 72
-0.0309525784105062 0.0581565201282501 3.20300006866455 227 72 72
-0.0221531074494123 0.0580478273332119 3.19700026512146 234 77 75
-0.0134283006191254 0.0581206120550632 3.20100021362305 226 72 66
-0.00467718625441194 0.0581388510763645 3.2020001411438 228 75 67
0.00408068997785449 0.0581751689314842 3.20400023460388 226 80 63
0.0128254387527704 0.0581024587154388 3.20000004768372 224 80 63
0.0215954538434744 0.0581567697227001 3.20300006866455 220 76 59
0.0304007437080145 0.0582473240792751 3.20800018310547 244 104 81
0.0391477756202221 0.0582106932997704 3.20600008964539 255 147 112
0.0654446184635162 0.0582092702388763 3.20600008964539 255 235 126
0.0741171538829803 0.0581360086798668 3.2020001411438 255 237 124
0.0829745680093765 0.0582079254090786 3.20600008964539 255 243 113
0.0916818305850029 0.0581708252429962 3.20400023460388 255 229 113
0.100722603499889 0.0583333484828472 3.21300005912781 209 102 58
0.109573595225811 0.0583687163889408 3.21500015258789 223 98 79
0.118471905589104 0.0584221482276917 3.21800017356873 227 91 83
0.127227947115898 0.0584028884768486 3.21700024604797 230 88 91
0.136062562465668 0.0584198608994484 3.21800017356873 229 86 93
0.144857093691826 0.0584186017513275 3.21800017356873 232 98 99
0.153937488794327 0.0585261732339859 3.2240002155304 239 113 108
0.163302481174469 0.0587244406342506 3.2350001335144 222 109 113
0.172620534896851 0.0588863119482994 3.24400019645691 224 108 112
0.181707307696342 0.0589573383331299 3.2480001449585 210 104 107
-0.255527049303055 0.0488001480698586 3.16600012779236 160 74 68
-0.24657267332077 0.0487403571605682 3.16200017929077 225 64 61
-0.238015428185463 0.0487575754523277 3.16300010681152 227 66 63
-0.229089200496674 0.0486976578831673 3.15900015830994 225 67 60
-0.220602676272392 0.0487301759421825 3.16100025177002 226 71 61
-0.211701989173889 0.0486701242625713 3.15700006484985 229 71 64
-0.203787252306938 0.0488412752747536 3.16800022125244 231 73 66
-0.195380434393883 0.0489044450223446 3.17200016975403 225 65 58
-0.18718646466732 0.0490292347967625 3.1800000667572 231 68 65
-0.178442850708961 0.0490151979029179 3.17900013923645 230 67 64
-0.169704005122185 0.0490011014044285 3.1780002117157 228 65 62
-0.16096992790699 0.0489869341254234 3.17700004577637 229 66 63
-0.152192756533623 0.0489572919905186 3.17500019073486 226 65 62
-0.143516287207603 0.0489584170281887 3.17500019073486 233 73 67
-0.134711861610413 0.0489132218062878 3.17200016975403 228 70 63
-0.126082226634026 0.0489296391606331 3.17300009727478 223 67 60
-0.117483593523502 0.0489614084362984 3.17500019073486 223 67 61
-0.10907918214798 0.0490856468677521 3.18300008773804 230 71 68
-0.100346781313419 0.0490710362792015 3.18200016021729 225 66 63
-0.0917634442448616 0.0491334572434425 3.18600010871887 221 64 61
-0.0830014497041702 0.0491032898426056 3.18400025367737 231 70 67
-0.0743433833122253 0.0491347350180149 3.18600010871887 227 66 63
-0.0655504837632179 0.0490735843777657 3.18200016021729 226 72 68
-0.0568327941000462 0.0490586385130882 3.18100023269653 225 71 67
-0.048226248472929 0.049151573330164 3.18700003623962 226 74 70
-0.0395495072007179 0.049198180437088 3.19000005722046 229 76 74
-0.0308658666908741 0.0492601469159126 3.19400024414063 228 78 75
-0.022070137783885 0.0491215437650681 3.18500018119812 222 72 69
-0.0133906565606594 0.0492296367883682 3.19200015068054 227 77 73
-0.0046640788204968 0.0492451302707195 3.19300007820129 227 73 67
0.00407180935144424 0.049306832253933 3.19700026512146 227 75 69
0.0127974916249514 0.0492450706660748 3.19300007820129 227 77 71
0.0215282142162323 0.049244936555624 3.19300007820129 225 79 71
0.0303251873701811 0.0493526980280876 3.20000004768372 225 85 72
0.0389893613755703 0.0492444671690464 3.19300007820129 222 88 70
0.0477496050298214 0.0492749772965908 3.19500017166138 217 92 73
0.0564498715102673 0.0492437332868576 3.19300007820129 204 84 63
0.0653635114431381 0.0493820644915104 3.2020001411438 197 102 66
0.0739789009094238 0.0492889955639839 3.19600009918213 201 117 75
0.100660756230354 0.049518309533596 3.2110002040863 204 94 86
0.109506353735924 0.0495483428239822 3.21300005912781 177 61 65
0.118288822472095 0.0495474673807621 3.21300005912781 148 42 54
-0.245326653122902 0.0398964211344719 3.14600014686584 222 69 67
-0.236963555216789 0.0399359464645386 3.14900016784668 232 71 69
-0.228438079357147 0.0399500578641891 3.15000009536743 232 71 68
-0.219906285405159 0.0399641208350658 3.15100026130676 228 70 63
-0.210965797305107 0.0399020351469517 3.14600014686584 229 71 65
-0.202695086598396 0.0399667359888554 3.15100026130676 229 69 63
-0.194334656000137 0.0400187000632286 3.15500020980835 228 65 60
-0.186069339513779 0.0400959923863411 3.16100025177002 224 61 56
-0.177658244967461 0.0401478633284569 3.16500020027161 224 61 56
-0.169117763638496 0.040174312889576 3.16700005531311 229 66 61
-0.160413712263107 0.0401626564562321 3.16600012779236 232 71 68
-0.151378929615021 0.0400621518492699 3.15800023078918 223 67 61
-0.142568036913872 0.0400123260915279 3.15400004386902 223 67 60
-0.133990809321404 0.0400258861482143 3.15500020980835 226 75 67
-0.125487059354782 0.0400647595524788 3.15800023078918 221 68 60
-0.108565911650658 0.0401931069791317 3.16800022125244 224 69 67
-0.0999375134706497 0.0402064509689808 3.16900014877319 222 63 61
-0.0913896560668945 0.0402578115463257 3.17300009727478 226 66 67
-0.0827934741973877 0.0402964204549789 3.17600011825562 227 70 70
-0.0741105675697327 0.0402969196438789 3.17600011825562 225 71 67
-0.0654067471623421 0.0402846746146679 3.17500019073486 224 72 68
-0.0566009283065796 0.0401962473988533 3.16800022125244 218 69 65
-0.0480752624571323 0.0403107702732086 3.17700004577637 221 74 70
-0.0394134074449539 0.0403364263474941 3.17900013923645 219 80 69
-0.0307791084051132 0.0404127798974514 3.18500018119812 219 79 74
-0.0220217872411013 0.0403241291642189 3.1780002117157 217 78 81
-0.0133529966697097 0.0403876826167107 3.18300008773804 215 83 77
-0.00465534720569849 0.0404384881258011 3.18700003623962 217 82 88
0.00406419625505805 0.0404892526566982 3.19100022315979 217 85 95
0.0127855567261577 0.0404765084385872 3.19000005722046 205 78 87
-0.243846371769905 0.031109930947423 3.12700009346008 185 57 52
-0.235986575484276 0.0312006287276745 3.13600015640259 231 72 70
-0.227641612291336 0.0312315933406353 3.13900017738342 228 63 62
-0.219070002436638 0.0312326718121767 3.13900017738342 225 64 61
-0.210430487990379 0.0312237646430731 3.13800024986267 226 65 62
-0.201795607805252 0.0312148127704859 3.13700008392334 224 63 60
-0.193535000085831 0.0312655307352543 3.14200019836426 230 69 66
-0.184775352478027 0.0312366001307964 3.13900017738342 229 66 63
-0.176704987883568 0.0313270501792431 3.14800024032593 226 66 60
-0.168264329433441 0.0313577465713024 3.15100026130676 221 70 60
-0.159958586096764 0.0314182601869106 3.15700006484985 218 68 62
-0.151044204831123 0.0313593149185181 3.15100026130676 216 65 69
-0.14238803088665 0.0313500836491585 3.15000009536743 221 73 75
-0.133779212832451 0.0313507653772831 3.15000009536743 210 71 60
-0.125368550419807 0.0314011685550213 3.15500020980835 216 77 68
-0.116967044770718 0.0314614847302437 3.16100025177002 202 82 75
-0.108635060489178 0.0315516218543053 3.17000007629395 199 86 90
-0.0999380797147751 0.0315421894192696 3.16900014877319 194 79 87
-0.091188557446003 0.031512800604105 3.16600012779236 194 74 87
-0.0826375335454941 0.0315530449151993 3.17000007629395 175 64 77
-0.0478939525783062 0.0315045788884163 3.16500020027161 193 54 67
-0.0392896495759487 0.0315446108579636 3.16900014877319 166 39 47
-0.0307019725441933 0.0316244177520275 3.17700004577637 151 37 44
-0.243535444140434 0.0225354079157114 3.1230001449585 197 80 77
-0.235536023974419 0.0225867535918951 3.13000011444092 215 62 62
-0.227715089917183 0.0226597283035517 3.14000010490417 225 60 61
-0.218791753053665 0.0226244293153286 3.13500022888184 221 56 57
-0.210230201482773 0.022625183686614 3.13500022888184 222 62 65
-0.201603472232819 0.0226186905056238 3.1340000629425 229 73 76
-0.193412616848946 0.0226626936346293 3.14000010490417 223 72 64
-0.184599548578262 0.0226344931870699 3.13600015640259 223 71 65
-0.17642505466938 0.022685656324029 3.14300012588501 226 74 70
-0.167891219258308 0.0226934850215912 3.14400005340576 209 72 68
-0.159553945064545 0.0227301605045795 3.14900016784668 202 73 73
-0.150757253170013 0.0227018408477306 3.14500021934509 167 54 58

