0.800844609737396 0.128519475460052 3.27400016784668 251 86 85
0.805963337421417 0.127920672297478 3.2590000629425 255 155 153
0.779605329036713 0.119100011885166 3.2590000629425 150 39 35
0.783557653427124 0.118359863758087 3.23900008201599 239 82 80
0.79180371761322 0.118277542293072 3.23700022697449 252 77 75
0.800284862518311 0.118231751024723 3.23600006103516 236 63 61
0.809009373188019 0.118222519755363 3.23600006103516 239 72 73
0.816974461078644 0.118103720247746 3.23300004005432 255 96 100
0.771720111370087 0.10913272947073 3.2260000705719 241 82 80
0.778970181941986 0.108921229839325 3.22000026702881 255 79 77
0.788632571697235 0.109047994017601 3.2240002155304 255 78 76
0.798068046569824 0.109140932559967 3.22700023651123 255 82 80
0.806018233299255 0.109030939638615 3.2240002155304 253 77 77
0.812434732913971 0.108718082308769 3.21500015258789 255 81 83
0.820844650268555 0.108675792813301 3.21400022506714 249 73 75
0.828989863395691 0.108599700033665 3.21200013160706 241 67 69
0.839991867542267 0.108895540237427 3.22100019454956 172 69 68
0.76042366027832 0.10003674030304 3.21500015258789 253 77 77
0.766704678535461 0.0997177585959435 3.20500016212463 253 74 73
0.774623870849609 0.0996166169643402 3.2020001411438 254 75 74
0.783748507499695 0.0996710211038589 3.20400023460388 250 70 66
0.792882680892944 0.0997254252433777 3.20600008964539 253 73 69
0.801026344299316 0.0996554121375084 3.20400023460388 255 80 76
0.807388842105865 0.0993677005171776 3.19500017166138 255 79 75
0.814467787742615 0.0991733446717262 3.18900012969971 255 71 68
0.823319792747498 0.0991967022418976 3.19000005722046 254 69 66
0.834523320198059 0.0994999185204506 3.20000004768372 255 80 79
0.843671500682831 0.0995543822646141 3.2020001411438 255 84 84
0.851764678955078 0.0994845107197762 3.20000004768372 255 84 82
0.859039306640625 0.0993214026093483 3.19500017166138 237 65 67
0.867372155189514 0.0992826893925667 3.19400024414063 239 69 73
0.875972867012024 0.0992750972509384 3.19400024414063 255 138 141
0.746846079826355 0.0907148197293282 3.19400024414063 244 79 83
0.753571927547455 0.0904805064201355 3.18600010871887 255 78 77
0.762406170368195 0.0905017927289009 3.18700003623962 255 76 75
0.771486341953278 0.0905514806509018 3.18900012969971 255 79 75
0.779842078685761 0.0905159786343575 3.18800020217896 255 72 69
0.788191139698029 0.0904804840683937 3.18700003623962 255 76 72
0.796033442020416 0.090388223528862 3.18400025367737 254 71 68
0.803100287914276 0.0902108326554298 3.1780002117157 255 78 75
0.810644209384918 0.090090237557888 3.17400026321411 255 77 74
0.819713890552521 0.0901399627327919 3.17600011825562 255 73 70
0.830097198486328 0.0903315916657448 3.18300008773804 255 79 72
0.839199721813202 0.0903813317418098 3.18500018119812 255 85 73
0.846714615821838 0.0902608260512352 3.18100023269653 255 77 77
0.855282425880432 0.0902538597583771 3.18100023269653 255 81 83
0.86466383934021 0.0903320237994194 3.18400025367737 255 82 84
0.873786091804504 0.0903818383812904 3.18600010871887 252 78 80
0.881256282329559 0.0902614742517471 3.18200016021729 242 68 70
0.890661478042603 0.0903397127985954 3.18500018119812 220 78 83
0.899799585342407 0.090389609336853 3.18700003623962 225 128 131
0.73592209815979 0.0817878544330597 3.18400025367737 255 78 78
0.741942346096039 0.0814988985657692 3.17300009727478 255 70 69
0.749321222305298 0.0813640877604485 3.16800022125244 255 81 80
0.758585274219513 0.0814347267150879 3.17100024223328 250 67 64
0.767622351646423 0.0814796909689903 3.17300009727478 255 78 73
0.776179611682892 0.081473283469677 3.17300009727478 255 75 70
0.78424084186554 0.0814155265688896 3.17100024223328 255 78 73
0.792540073394775 0.0813834667205811 3.17000007629395 255 84 79
0.800579786300659 0.0813257396221161 3.16800022125244 255 76 73
0.808352291584015 0.0812423676252365 3.16500020027161 255 76 75
0.817397713661194 0.0812873467803001 3.16700005531311 255 68 67
0.826452851295471 0.0813323333859444 3.16900014877319 255 76 79
0.836044490337372 0.0814286544919014 3.17300009727478 245 57 60
0.842728555202484 0.081242710351944 3.16600012779236 255 67 80
0.851793587207794 0.0812877416610718 3.16800022125244 255 71 78
0.861411571502686 0.0813841000199318 3.17200016975403 255 86 89
0.87104994058609 0.081480473279953 3.17600011825562 255 86 86
0.877662539482117 0.0812946856021881 3.16900014877319 255 74 73
0.885914087295532 0.0812628492712975 3.16800022125244 254 74 77
0.894724130630493 0.0812823548913002 3.16900014877319 251 73 75
0.904108703136444 0.0813531875610352 3.17200016975403 234 57 63
0.910919010639191 0.0811932235956192 3.16600012779236 241 66 72
0.91914838552475 0.0811615660786629 3.16500020027161 242 69 77
0.927664577960968 0.0811555758118629 3.16500020027161 255 120 128
0.725506782531738 0.0729595422744751 3.17600011825562 231 86 85
0.731767773628235 0.0727241262793541 3.16600012779236 251 70 69
0.73914247751236 0.0726035758852959 3.16100025177002 255 72 71
0.746961951255798 0.0725289657711983 3.15800023078918 255 74 73
0.755242168903351 0.0725002884864807 3.15700006484985 255 72 69
0.764725387096405 0.0725864395499229 3.16100025177002 255 79 74
0.773250222206116 0.0725807324051857 3.16100025177002 254 70 65
0.781031847000122 0.0725061446428299 3.15800023078918 255 72 67
0.787795901298523 0.0723397359251976 3.15100026130676 255 78 73
0.79628986120224 0.0723340511322021 3.15100026130676 255 73 70
0.804527223110199 0.0723054260015488 3.15000009536743 255 73 72
0.815597057342529 0.0725292861461639 3.16000008583069 255 73 76
0.823850870132446 0.0725006684660912 3.15900015830994 255 71 77
0.833679020404816 0.0726097598671913 3.16400003433228 255 70 76
0.839274168014526 0.0723517015576363 3.15300011634827 255 72 78
0.84857302904129 0.0724149346351624 3.1560001373291 255 74 80
0.856800854206085 0.0723864138126373 3.15500020980835 255 77 82
0.86694198846817 0.072518490254879 3.16100025177002 253 72 72
0.8746218085289 0.0724441260099411 3.15800023078918 255 83 83
0.883403182029724 0.0724615529179573 3.15900015830994 255 73 73
0.891906499862671 0.0724560618400574 3.15900015830994 255 91 90
0.900694072246552 0.0724735409021378 3.16000008583069 255 86 88
0.908910691738129 0.0724451839923859 3.15900015830994 255 81 86
0.916540324687958 0.0723710060119629 3.1560001373291 252 74 83
0.923566818237305 0.0722510144114494 3.15100026130676 250 74 84
0.931748747825623 0.0722227841615677 3.15000009536743 244 70 80
0.939626216888428 0.072171688079834 3.14800024032593 215 76 82
0.948997974395752 0.0722352564334869 3.15100026130676 230 135 140
0.71400386095047 0.0640718564391136 3.16300010681152 240 71 70
0.719801306724548 0.0638237819075584 3.15100026130676 253 72 71
0.72715038061142 0.0637174993753433 3.14600014686584 255 79 78
0.736341774463654 0.0637732446193695 3.14900016784668 255 76 75
0.743655800819397 0.0636669769883156 3.14400005340576 255 71 70
0.751180648803711 0.0635809674859047 3.14000010490417 255 74 73
0.759892106056213 0.0635961964726448 3.14100003242493 255 78 75
0.769586145877838 0.0636924207210541 3.14600014686584 255 68 65
0.778069257736206 0.0636873990297318 3.14600014686584 255 77 76
0.784800946712494 0.0635406970977783 3.13900017738342 255 72 71
0.793262660503387 0.0635357052087784 3.13900017738342 255 72 73
0.801467716693878 0.0635104849934578 3.13800024986267 255 75 81
0.812505185604095 0.0637078806757927 3.14800024032593 255 69 72
0.820987522602081 0.0637028962373734 3.14800024032593 253 65 66
0.829468607902527 0.0636979192495346 3.14800024032593 255 80 81
0.835020422935486 0.0634704008698463 3.13700008392334 255 77 78
0.843469679355621 0.063465490937233 3.13700008392334 255 74 77
0.851917803287506 0.0634605810046196 3.13700008392334 255 69 75
0.862284660339355 0.0635972991585732 3.14400005340576 255 76 82
0.871303498744965 0.0636328831315041 3.14600014686584 255 76 81
0.879772841930389 0.0636280253529549 3.14600014686584 255 74 77
0.888241291046143 0.0636232122778893 3.14600014686584 255 82 82
0.896708846092224 0.0636184141039848 3.14600014686584 255 80 80
0.904887616634369 0.0635934248566628 3.14500021934509 255 84 87
0.911898791790009 0.0634875893592834 3.14000010490417 254 75 80
0.918588936328888 0.0633615925908089 3.1340000629425 255 79 85
0.926133573055267 0.0632962957024574 3.13100004196167 255 86 95
0.935153782367706 0.0633321180939674 3.13300013542175 255 81 90
0.945689976215363 0.0634690374135971 3.14000010490417 253 73 83
0.9547438621521 0.0635049268603325 3.14200019836426 255 82 92
0.962888240814209 0.0634802132844925 3.14100003242493 242 71 80
0.970408320426941 0.063415139913559 3.13800024986267 250 98 106
0.702568888664246 0.0552532449364662 3.15000009536743 247 83 80
0.709268033504486 0.0551086142659187 3.14200019836426 252 75 73
0.715237140655518 0.0549113675951958 3.13100004196167 255 75 74
0.722070097923279 0.0547843016684055 3.12400007247925 255 80 79
0.731202125549316 0.0548325963318348 3.12700009346008 255 77 76
0.741058647632599 0.0549334771931171 3.13300013542175 255 74 73
0.74855375289917 0.0548590198159218 3.12900018692017 255 76 75
0.756267905235291 0.0548021011054516 3.12600016593933 255 69 68
0.765432238578796 0.0548503659665585 3.12900018692017 255 72 71
0.774611473083496 0.0548986308276653 3.132000207901 255 71 70
0.782305419445038 0.0548417195677757 3.12900018692017 255 73 74
0.789981961250305 0.0547848306596279 3.12600016593933 255 71 74
0.79840749502182 0.0547805279493332 3.12600016593933 255 67 73
0.809670567512512 0.0549689792096615 3.13700008392334 255 73 76
0.817340970039368 0.0549121163785458 3.1340000629425 255 76 77
0.82631129026413 0.0549428649246693 3.13600015640259 255 76 77
0.83183091878891 0.0547458864748478 3.12500023841858 255 75 76
0.841054320335388 0.0547941885888577 3.12800025939941 255 73 74
0.848935008049011 0.0547549203038216 3.12600016593933 255 70 76
0.859272360801697 0.0548733063042164 3.13300013542175 255 67 74
0.868538498878479 0.0549216382205486 3.13600015640259 255 78 85
0.877260565757751 0.0549349635839462 3.13700008392334 255 77 82
0.885140061378479 0.0548957698047161 3.13500022888184 255 79 82
0.893007814884186 0.0548566095530987 3.13300013542175 253 71 74
0.900863885879517 0.0548174791038036 3.13100004196167 252 72 75
0.909289419651031 0.0548133924603462 3.13100004196167 255 76 81
0.916248619556427 0.0547218136489391 3.12600016593933 255 82 88
0.923475861549377 0.0546477735042572 3.12200021743774 255 85 91
0.930680811405182 0.0545737817883492 3.11800003051758 255 77 83
0.94057422876358 0.0546573475003242 3.1230001449585 255 80 89
0.94958233833313 0.0546884313225746 3.12500023841858 255 76 85
0.957987606525421 0.0546845532953739 3.12500023841858 255 81 90
0.965155303478241 0.0546107217669487 3.12100005149841 255 92 100
0.973548710346222 0.0546069219708443 3.12100005149841 255 91 100
0.98131263256073 0.0545681826770306 3.11900019645691 229 67 76
0.990017116069794 0.0545819699764252 3.12000012397766 223 80 87
0.997766852378845 0.0545433200895786 3.11800003051758 229 132 137
0.688998639583588 0.0463555119931698 3.12700009346008 248 85 82
0.696550905704498 0.0462925992906094 3.1230001449585 255 73 72
0.70453143119812 0.0462593249976635 3.12100005149841 255 74 71
0.711586177349091 0.0461667738854885 3.11500024795532 255 76 71
0.719300448894501 0.0461186841130257 3.11200022697449 255 74 69
0.728166282176971 0.0461446903645992 3.11400008201599 255 80 75
0.738460779190063 0.046259593218565 3.12200021743774 255 78 75
0.746404647827148 0.0462263077497482 3.12000012397766 255 70 67
0.754820287227631 0.046222660690546 3.12000012397766 255 71 70
0.762745261192322 0.0461893826723099 3.11800003051758 255 71 71
0.773131549358368 0.0463042482733727 3.12600016593933 255 68 71
0.780559301376343 0.0462413504719734 3.12200021743774 255 76 79
0.788975119590759 0.0462377071380615 3.12200021743774 255 65 71
0.796368062496185 0.0461748354136944 3.11800003051758 255 71 74
0.806319296360016 0.0462600588798523 3.12400007247925 254 66 67
0.813693702220917 0.0461972057819366 3.12000012397766 255 84 83
0.822626411914825 0.0462232120335102 3.12200021743774 255 79 78
0.829971492290497 0.0461603887379169 3.11800003051758 255 72 71
0.839176118373871 0.0462012141942978 3.12100005149841 251 66 65
0.847309470176697 0.0461828373372555 3.12000012397766 253 64 70
0.855985045433044 0.0461940765380859 3.12100005149841 255 73 79
0.864111125469208 0.0461757332086563 3.12000012397766 255 71 78
0.871671438217163 0.0461278147995472 3.11700010299683 255 74 79
0.879214644432068 0.0460799150168896 3.11400008201599 255 78 83
0.885885775089264 0.0459876544773579 3.10800004005432 255 75 80
0.894537806510925 0.0459989979863167 3.10900020599365 253 71 76
0.903775334358215 0.0460399501025677 3.11200022697449 255 81 86
0.912148773670197 0.0460365414619446 3.11200022697449 255 79 85
0.919042468070984 0.0459591895341873 3.10700011253357 254 75 80
0.92590868473053 0.0458818897604942 3.10200023651123 255 76 81
0.934855461120605 0.0459081456065178 3.10400009155273 255 78 84
0.945331692695618 0.0460083782672882 3.11100006103516 255 80 86
0.953086256980896 0.0459755398333073 3.10900020599365 255 77 83
0.961447954177856 0.0459723100066185 3.10900020599365 255 90 96
0.968249261379242 0.0458951778709888 3.10400009155273 255 93 101
0.976596593856812 0.0458920188248158 3.10400009155273 254 87 95
0.984308958053589 0.045859333127737 3.10200023651123 253 86 95
0.992650151252747 0.0458562523126602 3.10200023651123 255 88 97
1.0006685256958 0.0458384305238724 3.1010000705719 229 74 84
1.00835585594177 0.0458058714866638 3.0990002155304 216 83 91
0.677291452884674 0.0376781448721886 3.11200022697449 255 91 88
0.683934092521667 0.0375783517956734 3.10400009155273 255 80 78
0.693208575248718 0.0376238375902176 3.10800004005432 255 75 70
0.702277362346649 0.0376572012901306 3.11100006103516 255 75 70
0.709533512592316 0.0375937260687351 3.10600018501282 255 77 72
0.717223465442657 0.0375544615089893 3.10300016403198 255 79 74
0.725129663944244 0.0375273004174232 3.1010000705719 255 74 69
0.735389053821564 0.0376211442053318 3.10900020599365 255 80 75
0.743776381015778 0.0376181751489639 3.10900020599365 255 76 73
0.753372013568878 0.0376757010817528 3.11400008201599 255 72 71
0.761036276817322 0.0376364290714264 3.11100006103516 255 73 72
0.770414352416992 0.0376818515360355 3.11500024795532 255 70 69
0.777562439441681 0.0376183949410915 3.1100001335144 255 69 70
0.785440444946289 0.037591241300106 3.10800004005432 255 71 74
0.792284905910492 0.0375157259404659 3.10200023651123 252 66 67
0.801418602466583 0.0375490561127663 3.10500025749207 255 73 72
0.809002697467804 0.0375098362565041 3.10200023651123 255 76 76
0.818150162696838 0.0375431776046753 3.10500025749207 255 80 79
0.826780498027802 0.0375523380935192 3.10600018501282 255 82 82
0.836759388446808 0.0376219525933266 3.11200022697449 255 73 76
0.84405380487442 0.0375706851482391 3.10800004005432 255 72 78
0.851051509380341 0.0375073552131653 3.10300016403198 255 75 82
0.858298122882843 0.0374561287462711 3.0990002155304 255 68 75
0.866361260414124 0.0374411791563034 3.09800004959106 255 79 86
0.87498265504837 0.0374504178762436 3.0990002155304 255 70 77
0.882468581199646 0.0374113358557224 3.09600019454956 255 76 81
0.892239153385162 0.0374689362943172 3.1010000705719 253 73 76
0.901745557785034 0.0375144705176353 3.10500025749207 255 75 78
0.910393178462982 0.0375237688422203 3.10600018501282 255 77 80
0.91697496175766 0.037448525428772 3.10000014305115 255 83 88
0.923523724079132 0.0373733155429363 3.09400010108948 255 79 85
0.930943191051483 0.0373343825340271 3.09100008010864 255 74 83
0.940472841262817 0.0373800098896027 3.09500002861023 255 81 87
0.948490798473358 0.0373652763664722 3.09400010108948 255 83 92
0.9577397108078 0.0373988747596741 3.09700012207031 255 84 90
0.964820861816406 0.0373479686677456 3.09300017356873 255 83 89
0.97439706325531 0.0373936966061592 3.09700012207031 255 84 92
0.982407867908478 0.0373790822923183 3.09600019454956 252 79 87
0.989772915840149 0.0373403504490852 3.09300017356873 255 86 94
0.996799111366272 0.0372895859181881 3.08900022506714 252 83 92
1.00282716751099 0.0372026525437832 3.08200025558472 255 90 99
1.01341044902802 0.0372847393155098 3.08900022506714 255 94 103
1.02336966991425 0.0373427160084248 3.09400010108948 246 82 91
1.03135538101196 0.0373283140361309 3.09300017356873 238 72 81
1.03933548927307 0.0373139455914497 3.09200024604797 254 90 99
1.04934334754944 0.0373720265924931 3.09700012207031 254 99 107
1.07201421260834 0.0378765985369682 3.13900017738342 232 109 114
0.666522920131683 0.0291184112429619 3.1010000705719 244 75 73
0.672941267490387 0.0290316455066204 3.09200024604797 246 63 62
0.680851936340332 0.0290106013417244 3.09000015258789 255 76 73
0.690088629722595 0.0290458872914314 3.09400010108948 255 75 70
0.698668122291565 0.0290529914200306 3.09500002861023 255 78 73
0.707251727581024 0.0290600974112749 3.09600019454956 255 77 70
0.715145826339722 0.0290390383452177 3.09400010108948 255 75 70
0.722793877124786 0.0290085952728987 3.09100008010864 255 75 72
0.731134116649628 0.0290063060820103 3.09100008010864 255 77 74
0.73947274684906 0.0290040150284767 3.09100008010864 255 75 72
0.7495037317276 0.0290674045681953 3.09800004959106 255 83 82
0.756880223751068 0.0290275774896145 3.09400010108948 255 76 75
0.765965104103088 0.0290534347295761 3.09700012207031 255 78 77
0.773314774036407 0.0290136188268662 3.09300017356873 255 78 79
0.781904995441437 0.0290207080543041 3.09400010108948 255 79 82
0.788711547851563 0.0289621502161026 3.08800005912781 255 71 72
0.796775281429291 0.028950497508049 3.08700013160706 255 82 81
0.804832458496094 0.0289388485252857 3.0860002040863 255 76 76
0.812882900238037 0.028927206993103 3.08500003814697 255 78 78
0.821725428104401 0.0289437007158995 3.08700013160706 255 83 83
0.830846667289734 0.0289695784449577 3.09000015258789 255 76 79
0.839168071746826 0.0289673339575529 3.09000015258789 255 75 81
0.846391499042511 0.0289276037365198 3.0860002040863 255 71 77
0.854423105716705 0.0289160069078207 3.08500003814697 255 73 78
0.862168908119202 0.0288950502872467 3.08300018310547 255 76 81
0.870467722415924 0.0288928542286158 3.08300018310547 255 78 83
0.877910435199738 0.0288625564426184 3.08000016212463 255 79 82
0.88735020160675 0.0288978647440672 3.08400011062622 255 76 76
0.896520376205444 0.0289238169789314 3.08700013160706 255 89 89
0.90570592880249 0.0289497766643763 3.09000015258789 255 81 81
0.913427829742432 0.0289289094507694 3.08800005912781 254 74 79
0.920541226863861 0.0288893263787031 3.08400011062622 255 76 82
0.927933692932129 0.0288591347634792 3.08100008964539 252 71 80
0.937740385532379 0.0289038941264153 3.0860002040863 255 86 95
0.946040689945221 0.0289018396288157 3.0860002040863 255 79 88
0.954958856105804 0.0289185326546431 3.08800005912781 255 86 92
0.962327718734741 0.028888426721096 3.08500003814697 255 86 92
0.971882402896881 0.0289238914847374 3.08900022506714 251 78 86
0.98018890619278 0.0289219208061695 3.08900022506714 254 81 89
0.985935091972351 0.028845077380538 3.08100008964539 255 87 96
0.991315364837646 0.0287589058279991 3.07200002670288 255 93 102
0.997297763824463 0.0286914967000484 3.06500005722046 255 93 102
1.0078352689743 0.0287551656365395 3.07200002670288 255 89 98
1.01774895191193 0.0288001354783773 3.0770001411438 255 90 99
1.02735590934753 0.0288357697427273 3.08100008964539 255 90 99
1.03664839267731 0.0288620684295893 3.08400011062622 247 80 89
1.05036175251007 0.0290100518614054 3.10000014305115 255 88 97
0.657721698284149 0.0206771176308393 3.0990002155304 255 91 90
0.66244101524353 0.0205620974302292 3.08200025558472 255 73 72
0.670331478118896 0.0205471534281969 3.08000016212463 255 68 68
0.678870797157288 0.020552221685648 3.08100008964539 255 75 74
0.687637031078339 0.020563954487443 3.08300018310547 255 71 68
0.695961236953735 0.0205623414367437 3.08300018310547 255 70 67
0.703827083110809 0.0205473862588406 3.08100008964539 251 65 68
0.711449503898621 0.020525760948658 3.07800006866455 255 78 77
0.719288289546967 0.0205108094960451 3.07600021362305 255 80 77
0.727587997913361 0.0205091889947653 3.07600021362305 255 76 73
0.736604034900665 0.020527571439743 3.07900023460388 255 70 69
0.745150983333588 0.0205326154828072 3.08000016212463 255 72 71
0.75296813249588 0.020517660304904 3.07800006866455 255 71 70
0.761762499809265 0.0205293707549572 3.08000016212463 255 76 77
0.77106648683548 0.0205544084310532 3.08400011062622 255 69 72
0.779632449150085 0.0205594524741173 3.08500003814697 255 71 74
0.785904109477997 0.0205045230686665 3.0770001411438 249 63 64
0.792647480964661 0.0204629302024841 3.07100009918213 255 81 81
0.800922334194183 0.0204613246023655 3.07100009918213 255 79 79
0.809459388256073 0.020466385409236 3.07200002670288 255 77 77
0.818266987800598 0.0204781126230955 3.07400012016296 255 71 76
0.827084243297577 0.0204898416996002 3.07600021362305 255 72 77
0.835639536380768 0.0204949118196964 3.0770001411438 255 78 85
0.843102157115936 0.0204733498394489 3.07400012016296 255 79 86
0.851378500461578 0.020471777766943 3.07400012016296 255 77 84
0.859094679355621 0.0204568933695555 3.07200002670288 255 80 85
0.86849319934845 0.0204819738864899 3.07600021362305 255 78 83
0.876201987266541 0.0204671043902636 3.07400012016296 255 83 88
0.884762525558472 0.0204722229391336 3.07500004768372 255 78 81
0.89303719997406 0.020470691844821 3.07500004768372 255 77 80
0.901018023490906 0.020462516695261 3.07400012016296 255 83 86
0.909584283828735 0.0204676669090986 3.07500004768372 249 69 75
0.916961133480072 0.020446203649044 3.07200002670288 253 73 79
0.926429569721222 0.0204713437706232 3.07600021362305 255 79 88
0.934703528881073 0.0204698741436005 3.07600021362305 255 77 87
0.942976891994476 0.0204684175550938 3.07600021362305 255 78 88
0.951249659061432 0.0204669758677483 3.07600021362305 255 83 93
0.959522068500519 0.0204655509442091 3.07600021362305 255 83 93
0.968108594417572 0.020470792427659 3.0770001411438 255 90 96
0.97543078660965 0.0204494372010231 3.07400012016296 255 86 92
0.982736647129059 0.0204281061887741 3.07100009918213 255 91 96
0.98970353603363 0.020400146022439 3.06700015068054 255 89 94
0.996648609638214 0.0203722026199102 3.06300020217896 252 85 93
1.00488424301147 0.0203708875924349 3.06300020217896 255 90 98
1.01444292068481 0.020396189764142 3.06700015068054 255 93 101
1.02468991279602 0.0204348135739565 3.07300019264221 255 95 102
1.03799450397491 0.0205332953482866 3.08800005912781 255 95 102
1.05781745910645 0.0207581166177988 3.12200021743774 240 88 92
0.647252976894379 0.0122136967256665 3.08900022506714 255 98 96
0.651992499828339 0.012145540677011 3.07200002670288 253 76 74
0.658788323402405 0.012116925790906 3.06500005722046 255 72 71
0.667721033096313 0.012127841822803 3.06800007820129 255 79 78
0.676668643951416 0.0121387522667646 3.07100009918213 255 77 76
0.684515833854675 0.0121298991143703 3.06900024414063 255 73 72
0.693027853965759 0.0121328989043832 3.07000017166138 255 77 76
0.701087057590485 0.0121279936283827 3.06900024414063 251 66 65
0.709370613098145 0.0121270390227437 3.06900024414063 255 77 76
0.717185020446777 0.0121181793510914 3.06700015068054 255 75 72
0.725933492183685 0.0121251242235303 3.06900024414063 255 80 76
0.734212934970856 0.0121241668239236 3.06900024414063 255 78 77
0.742491006851196 0.0121232075616717 3.06900024414063 252 69 68
0.749299943447113 0.0120985489338636 3.06300020217896 252 66 67
0.757806599140167 0.0121015440672636 3.06400012969971 253 64 70
0.767067432403564 0.0121163856238127 3.06800007820129 255 66 72
0.775843024253845 0.0121233277022839 3.07000017166138 255 76 79
0.782840371131897 0.012102629058063 3.06500005722046 255 72 75
0.789809584617615 0.0120819360017776 3.06000018119812 255 76 76
0.799097895622253 0.0120967784896493 3.06400012969971 255 79 79
0.808143138885498 0.0121076749637723 3.06700015068054 255 78 78
0.816671013832092 0.0121106775477529 3.06800007820129 255 73 78
0.823858797550201 0.0120939463376999 3.06400012969971 255 75 82
0.832653522491455 0.0121009033173323 3.06600022315979 255 74 83
0.84008651971817 0.0120881302282214 3.06300020217896 255 77 86
0.848333239555359 0.0120871998369694 3.06300020217896 255 79 90
0.855740070343018 0.0120744379237294 3.06000018119812 252 71 80
0.864823997020721 0.0120853558182716 3.06300020217896 255 79 88
0.872212767601013 0.01207260414958 3.06000018119812 254 73 73
0.879872381687164 0.0120638059452176 3.05800008773804 255 79 84
0.889263033866882 0.0120786828920245 3.06200003623962 253 71 76
0.897208869457245 0.0120738418772817 3.06100010871887 255 78 83
0.905444264411926 0.0120729524642229 3.06100010871887 255 75 80
0.911888003349304 0.0120484074577689 3.0550000667572 255 79 85
0.922214269638062 0.0120751382783055 3.06200003623962 255 77 86
0.930146634578705 0.0120703289285302 3.06100010871887 255 75 85
0.939299285411835 0.012081298045814 3.06400012969971 251 71 81
0.946612000465393 0.0120686180889606 3.06100010871887 255 81 91
0.954843938350677 0.0120677761733532 3.06100010871887 255 85 93
0.96213161945343 0.0120551185682416 3.05800008773804 255 90 95
0.969720304012299 0.0120464134961367 3.05600023269653 255 96 101
0.978257596492767 0.0120495436713099 3.05700016021729 255 98 102
0.988091051578522 0.0120684485882521 3.06200003623962 255 98 102
0.995022654533386 0.0120518933981657 3.05800008773804 255 94 98
1.00258886814117 0.0120432339608669 3.05600023269653 255 100 105
1.01047480106354 0.0120385261252522 3.0550000667572 255 89 94
1.02369046211243 0.0120968762785196 3.07000017166138 255 98 102
1.04169309139252 0.0122103951871395 3.0990002155304 255 106 110
0.636215686798096 0.0037996016908437 3.07600021362305 252 110 105
0.641596138477325 0.0037820169236511 3.06200003623962 249 68 67
0.647536218166351 0.00376813928596675 3.05100011825562 255 74 73
0.656424522399902 0.00377155188471079 3.05400013923645 255 80 79
0.664674699306488 0.00377125851809978 3.05400013923645 255 76 73
0.674245536327362 0.00377837265841663 3.06000018119812 255 70 69
0.682062923908234 0.0037756075616926 3.05800008773804 255 80 79
0.690093874931335 0.00377407693304121 3.05700016021729 251 70 69
0.698117971420288 0.00377254583872855 3.05600023269653 255 83 75
0.706828594207764 0.00377471698448062 3.05800008773804 255 82 73
0.715782642364502 0.00377812259830534 3.06100010871887 255 83 75
0.725224494934082 0.0037839945871383 3.06600022315979 254 84 69
0.733017385005951 0.00378122786059976 3.06400012969971 243 74 54
0.740798115730286 0.00377846090123057 3.06200003623962 255 85 79
0.747343480587006 0.00376952462829649 3.0550000667572 255 76 76
0.75657057762146 0.00377416191622615 3.05900025367737 255 77 86
0.765567898750305 0.00377756520174444 3.06200003623962 255 75 84
0.774074673652649 0.00377850094810128 3.06300020217896 254 70 73
0.781053125858307 0.00377203547395766 3.05800008773804 255 80 80
0.788261592388153 0.00376680539920926 3.05400013923645 255 73 73
0.797533810138702 0.00377144268713892 3.05800008773804 255 78 81
0.80682635307312 0.00377607997506857 3.06200003623962 255 75 78
0.814808428287506 0.0037745526060462 3.06100010871887 255 73 82
0.821977257728577 0.00376932672224939 3.05700016021729 255 70 79
0.829666674137115 0.00376656814478338 3.0550000667572 255 76 85
0.837892949581146 0.0037662775721401 3.0550000667572 255 71 82
0.845564186573029 0.00376352248713374 3.0530002117157 255 82 93
0.85322380065918 0.00376076926477253 3.05100011825562 255 74 93
0.862001061439514 0.00376294809393585 3.0530002117157 255 76 89
0.869078040122986 0.00375773338600993 3.04900026321411 255 73 88
0.876995623111725 0.00375621812418103 3.04800009727478 255 74 87
0.885778605937958 0.00375840184278786 3.05000019073486 255 71 82
0.893692076206207 0.00375689100474119 3.04900026321411 255 83 92
0.900711953639984 0.00375168561004102 3.04500007629395 255 85 90
0.908008217811584 0.00374771514907479 3.04200005531311 249 70 75
0.917998313903809 0.00375483464449644 3.04800009727478 255 79 85
0.925589144229889 0.00375210191123188 3.04600024223328 255 80 89
0.933475136756897 0.00375060271471739 3.04500007629395 255 83 92
0.941046059131622 0.00374787556938827 3.04300022125244 255 81 89
0.949229657649994 0.00374761410057545 3.04300022125244 255 83 89
0.957727432250977 0.00374858686700463 3.04400014877319 255 96 97
0.966547608375549 0.00375079410150647 3.04600024223328 255 100 99
0.97633820772171 0.0037566979881376 3.05100011825562 255 95 94
0.985187470912933 0.00375891127623618 3.0530002117157 249 88 86
0.993721723556519 0.00375989568419755 3.05400013923645 255 97 96
0.999636650085449 0.00375103508122265 3.04700016975403 255 97 95
1.00981378555298 0.0037581822834909 3.0530002117157 255 101 102
1.02335751056671 0.00377764087170362 3.06900024414063 238 92 95
0.62626701593399 -0.00455251755192876 3.06800007820129 246 106 101
0.63063108921051 -0.00452397763729095 3.04900026321411 239 71 66
0.637405455112457 -0.00451324414461851 3.04200005531311 255 77 72
0.644140422344208 -0.00450251065194607 3.03500008583069 255 72 71
0.652555644512177 -0.00450364500284195 3.03600025177002 254 69 68
0.661410093307495 -0.00450774421915412 3.03900003433228 254 69 68
0.670720040798187 -0.00451480876654387 3.04400014877319 251 72 64
0.6791632771492 -0.0045159375295043 3.04500007629395 251 77 69
0.686933517456055 -0.00451261783018708 3.04300022125244 240 69 59
0.695376574993134 -0.00451374566182494 3.04400014877319 240 71 52
0.703592658042908 -0.00451339036226273 3.04400014877319 255 102 79
0.729907214641571 -0.00452269753441215 3.05100011825562 255 255 154
0.739104449748993 -0.00452826917171478 3.0550000667572 223 87 37
0.745631098747253 -0.00451753614470363 3.04800009727478 254 83 73
0.753849923610687 -0.00451717898249626 3.04800009727478 255 71 78
0.761817574501038 -0.00451534101739526 3.04700016975403 255 78 85
0.770536601543427 -0.00451794872060418 3.04900026321411 255 74 74
0.778498947620392 -0.0045161098241806 3.04800009727478 255 78 78
0.786196649074554 -0.00451279245316982 3.04600024223328 255 78 78
0.794925808906555 -0.00451540108770132 3.04800009727478 255 82 82
0.802873909473419 -0.00451356638222933 3.04700016975403 255 72 79
0.80975067615509 -0.00450580706819892 3.04200005531311 255 72 81
0.816868424415588 -0.00449953228235245 3.03800010681152 255 73 84
0.824235141277313 -0.00449474062770605 3.03500008583069 255 75 86
0.833230376243591 -0.00449883658438921 3.03800010681152 255 73 84
0.840578854084015 -0.00449404772371054 3.03500008583069 255 79 89
0.847910404205322 -0.00448926212266088 3.03200006484985 255 76 86
0.856071650981903 -0.00448892032727599 3.03200006484985 255 76 89
0.864517390727997 -0.0044900611974299 3.03300023078918 254 69 84
0.874118387699127 -0.00449712481349707 3.03800010681152 255 72 87
0.883455216884613 -0.00450270902365446 3.04200005531311 255 75 85
0.891054034233093 -0.00449941493570805 3.04000020027161 254 73 83
0.89716237783432 -0.00448872381821275 3.03300023078918 255 80 86
0.903829336166382 -0.00448099616914988 3.02800011634827 255 83 88
0.913179397583008 -0.0044865901581943 3.03200006484985 255 81 87
0.92133492231369 -0.00448626792058349 3.03200006484985 255 79 88
0.92887681722641 -0.00448298966512084 3.03000020980835 251 76 84
0.936716556549072 -0.00448119407519698 3.02900004386902 255 83 91
0.944862425327301 -0.0044808816164732 3.02900004386902 255 88 94
0.953951835632324 -0.00448501016944647 3.03200006484985 255 95 96
0.963374435901642 -0.00449062092229724 3.03600025177002 255 98 97
0.973138153553009 -0.00449771387502551 3.04100012779236 255 96 94
0.980669558048248 -0.00449445657432079 3.03900003433228 255 98 95
0.98753947019577 -0.00448824698105454 3.03500008583069 255 98 96
0.995699763298035 -0.00448795687407255 3.03500008583069 255 106 104
1.00849080085754 -0.0045083723962307 3.04900026321411 255 100 100
1.04269754886627 -0.00462341587990522 3.12700009346008 255 165 163
0.614949584007263 -0.0128329657018185 3.0530002117157 241 116 97
0.620550751686096 -0.0127773461863399 3.04000020027161 241 78 59
0.627527952194214 -0.0127511499449611 3.03400015830994 253 83 68
0.635309398174286 -0.0127417659386992 3.03200006484985 235 60 48
0.642866313457489 -0.0127281732857227 3.02900004386902 238 66 51
0.650835394859314 -0.0127229848876595 3.02800011634827 216 84 33
0.659885883331299 -0.0127388006076217 3.03200006484985 224 137 75
0.677824437618256 -0.0127662150189281 3.03900003433228 255 255 126
0.683546602725983 -0.0127190090715885 3.02800011634827 255 255 109
0.691492438316345 -0.0127138094976544 3.02700018882751 255 255 92
0.699893772602081 -0.0127170076593757 3.02800011634827 255 255 77
0.709234416484833 -0.0127370012924075 3.03300023078918 255 255 71
0.717418074607849 -0.0127359963953495 3.03300023078918 255 255 72
0.725600361824036 -0.0127349887043238 3.03300023078918 255 255 74
0.735716760158539 -0.0127675710245967 3.04100012779236 255 255 83
0.742694854736328 -0.0127455713227391 3.03600025177002 234 63 44
0.75137597322464 -0.0127529595047235 3.03800010681152 254 71 70
0.759066641330719 -0.0127435578033328 3.03600025177002 255 82 85
0.768261432647705 -0.0127593409270048 3.04000020027161 255 78 81
0.776199579238892 -0.012754138559103 3.03900003433228 255 79 79
0.783098697662354 -0.0127321528270841 3.03400015830994 255 78 78
0.790752112865448 -0.0127227613702416 3.03200006484985 255 77 82
0.798393666744232 -0.0127133736386895 3.03000020980835 255 74 81
0.806289494037628 -0.0127081852406263 3.02900004386902 255 72 81
0.813372254371643 -0.0126904165372252 3.02500009536743 255 78 89
0.821247160434723 -0.0126852383837104 3.02400016784668 255 72 81
0.829938471317291 -0.012692647986114 3.02600026130676 255 73 80
0.836977779865265 -0.0126748951151967 3.0220000743866 255 82 88
0.845113158226013 -0.012673924677074 3.0220000743866 255 80 89
0.852682948112488 -0.0126645741984248 3.02000021934509 255 82 92
0.862236380577087 -0.0126845808699727 3.02500009536743 255 79 89
0.870089530944824 -0.0126794343814254 3.02400016784668 255 78 88
0.878807902336121 -0.0126868719235063 3.02600026130676 255 75 85
0.886949896812439 -0.0126859312877059 3.02600026130676 255 78 87
0.893020510673523 -0.0126556502655149 3.01900005340576 255 86 86
0.900843799114227 -0.0126505335792899 3.01800012588501 255 78 84
0.909263372421265 -0.0126538090407848 3.01900005340576 255 74 87
0.917991757392883 -0.0126612819731236 3.02100014686584 255 80 90
0.925197422504425 -0.0126478085294366 3.01800012588501 255 90 98
0.932695686817169 -0.0126385353505611 3.01600003242493 255 93 98
0.941430568695068 -0.0126460352912545 3.01800012588501 255 99 103
0.950490415096283 -0.0126577336341143 3.02100014686584 255 97 95
0.960517942905426 -0.0126820085570216 3.02700018882751 255 97 98
0.969617486000061 -0.0126937236636877 3.03000020980835 249 90 88
0.977442026138306 -0.0126886889338493 3.02900004386902 255 104 101
0.984610438346863 -0.0126752918586135 3.02600026130676 255 98 96
0.995371162891388 -0.0127079812809825 3.03400015830994 255 107 105
1.01675915718079 -0.0128747019916773 3.07400012016296 243 93 93
0.602518737316132 -0.0209914948791265 3.03200006484985 238 112 96
0.608502686023712 -0.0209137536585331 3.02100014686584 255 125 88
0.641591608524323 -0.0209211762994528 3.02300024032593 255 255 151
0.648469865322113 -0.0208780355751514 3.01700019836426 255 255 113
0.65727299451828 -0.0208971705287695 3.02000021934509 255 255 91
0.665429830551147 -0.0208955369889736 3.02000021934509 255 255 81
0.674700558185577 -0.0209284964948893 3.02500009536743 255 255 76
0.680836379528046 -0.0208645910024643 3.01600003242493 255 255 74
0.688978254795074 -0.020862951874733 3.01600003242493 255 255 72
0.696656465530396 -0.0208474770188332 3.01400017738342 255 255 70
0.705257713794708 -0.0208596624433994 3.01600003242493 255 255 69
0.713395535945892 -0.0208580158650875 3.01600003242493 255 255 68
0.72177129983902 -0.0208632871508598 3.01700019836426 255 255 70
0.731360673904419 -0.0209031254053116 3.02300024032593 255 255 83
0.739268720149994 -0.0208945572376251 3.0220000743866 239 112 58
0.747170150279999 -0.0208859965205193 3.02100014686584 253 78 66
0.755064964294434 -0.0208774320781231 3.02000021934509 255 82 81
0.763711094856262 -0.0208896100521088 3.0220000743866 255 72 81
0.771856307983398 -0.0208879671990871 3.0220000743866 255 77 82
0.778451442718506 -0.020844854414463 3.01600003242493 255 75 80
0.78579568862915 -0.0208224877715111 3.01300024986267 255 77 82
0.793649554252625 -0.020813949406147 3.01200008392334 255 73 80
0.802827835083008 -0.0208399631083012 3.01600003242493 255 74 83
0.81068217754364 -0.0208314321935177 3.01500010490417 255 74 85
0.818530082702637 -0.0208229087293148 3.01400017738342 255 74 85
0.826920211315155 -0.0208282098174095 3.01500010490417 255 79 88
0.833375930786133 -0.0207851640880108 3.0090000629425 252 71 80
0.841476321220398 -0.0207835715264082 3.0090000629425 255 79 88
0.850422859191895 -0.0208027102053165 3.01200008392334 255 80 89
0.859954833984375 -0.020835667848587 3.01700019836426 255 85 95
0.867210924625397 -0.0208133831620216 3.01400017738342 255 78 88
0.875031232833862 -0.020804924890399 3.01300024986267 255 78 87
0.882551968097687 -0.0207895711064339 3.01100015640259 255 79 85
0.890061259269714 -0.0207742303609848 3.0090000629425 255 84 94
0.898156225681305 -0.0207727141678333 3.0090000629425 252 72 81
0.907153904438019 -0.0207919161766768 3.01200008392334 248 70 82
0.914648056030273 -0.0207766201347113 3.01000022888184 255 78 88
0.921517431735992 -0.0207475312054157 3.00600004196167 255 88 96
0.928983569145203 -0.0207322686910629 3.00400018692017 255 100 105
0.936750292778015 -0.0207239221781492 3.00300025939941 255 101 105
0.945769727230072 -0.0207431931048632 3.00600004196167 255 101 99
0.955439746379852 -0.0207762829959393 3.01100015640259 255 101 99
0.964176297187805 -0.020788686349988 3.01300024986267 255 106 102
0.97260057926178 -0.0207942016422749 3.01400017738342 255 104 100
0.982331514358521 -0.0208273306488991 3.01900005340576 255 111 108
0.998322725296021 -0.0209915470331907 3.04300022125244 251 112 111
0.589807510375977 -0.0290176663547754 3.0090000629425 235 103 104
0.597151517868042 -0.0289769098162651 3.00500011444092 242 85 74
0.61442369222641 -0.0290207099169493 3.01000022888184 255 255 143
0.62359493970871 -0.0290666930377483 3.01500010490417 255 255 113
0.631744086742401 -0.0290644597262144 3.01500010490417 255 255 84
0.639891803264618 -0.0290622133761644 3.01500010490417 255 255 79
0.64717823266983 -0.0290214084088802 3.01100015640259 255 255 75
0.655965209007263 -0.029048066586256 3.01400017738342 255 255 74
0.663665235042572 -0.0290265250951052 3.01200008392334 255 255 70
0.672022104263306 -0.0290338918566704 3.01300024986267 255 255 69
0.678802847862244 -0.0289738047868013 3.007000207901 255 255 69
0.687148749828339 -0.0289811603724957 3.00800013542175 255 255 68
0.695267617702484 -0.0289788786321878 3.00800013542175 255 255 67
0.703385174274445 -0.0289765950292349 3.00800013542175 255 255 70
0.711028218269348 -0.0289550423622131 3.00600004196167 255 255 71
0.719137728214264 -0.0289527550339699 3.00600004196167 255 255 68
0.727729737758636 -0.02896973118186 3.00800013542175 255 255 71
0.735841989517212 -0.0289674457162619 3.00800013542175 255 251 144
0.744694888591766 -0.0289940442889929 3.01100015640259 240 96 65
0.751812696456909 -0.028953243046999 3.007000207901 255 88 82
0.760171234607697 -0.0289605874568224 3.00800013542175 255 73 82
0.768023073673248 -0.0289486814290285 3.007000207901 254 68 81
0.77586841583252 -0.0289367791265249 3.00600004196167 255 78 84
0.783446490764618 -0.0289152581244707 3.00400018692017 255 77 84
0.791276156902313 -0.0289033744484186 3.00300025939941 255 77 84
0.799897730350494 -0.0289203636348248 3.00500011444092 255 74 83
0.807722508907318 -0.0289084911346436 3.00400018692017 254 70 81
0.816355526447296 -0.028925497084856 3.00600004196167 255 74 83
0.824449777603149 -0.0289232656359673 3.00600004196167 255 82 91
0.831435263156891 -0.028882559388876 3.00200009346008 255 80 89
0.839237213134766 -0.0288707297295332 3.00100016593933 255 80 86
0.848162353038788 -0.0288973953574896 3.00400018692017 255 75 84
0.856532573699951 -0.0289048291742802 3.00500011444092 255 75 85
0.864044189453125 -0.0288834199309349 3.00300025939941 255 80 89
0.870963394641876 -0.0288427919149399 2.99900007247925 255 81 87
0.877860307693481 -0.0288021843880415 2.99500012397766 255 83 89
0.884735107421875 -0.0287616010755301 2.99100017547607 255 85 95
0.892483174800873 -0.0287498869001865 2.99000024795532 255 75 85
0.902032077312469 -0.0287958737462759 2.99500012397766 255 81 91
0.910088181495667 -0.0287938080728054 2.99500012397766 255 86 96
0.918143630027771 -0.0287917591631413 2.99500012397766 255 86 94
0.925270855426788 -0.0287608951330185 2.99200010299683 255 90 95
0.93425315618515 -0.0287877283990383 2.99500012397766 255 97 100
0.943251132965088 -0.0288145784288645 2.9980001449585 255 104 101
0.953851461410522 -0.028889499604702 3.00600004196167 255 105 101
0.961614549160004 -0.0288779474794865 3.00500011444092 255 115 109
0.971953630447388 -0.0289432983845472 3.01200008392334 255 108 101
0.984607636928558 -0.0290759224444628 3.02600026130676 255 121 116
1.01767730712891 -0.0298042595386505 3.10200023651123 251 134 131
0.58031153678894 -0.0371176525950432 3.00200009346008 209 76 84
0.585688710212708 -0.0369417816400528 2.98800015449524 255 77 77
0.593969404697418 -0.0369513593614101 2.98900008201599 252 66 67
0.602656960487366 -0.0369856506586075 2.99200010299683 242 92 40
0.612379908561707 -0.0370817184448242 3.00000023841858 255 255 132
0.62049001455307 -0.0370788797736168 3.00000023841858 255 255 72
0.628808081150055 -0.0370883867144585 3.00100016593933 255 255 69
0.636493444442749 -0.037060808390379 2.99900007247925 255 255 67
0.644381523132324 -0.0370455831289291 2.9980001449585 255 255 67
0.652915596961975 -0.0370674133300781 3.00000023841858 255 255 67
0.660137176513672 -0.0370151065289974 2.99600005149841 255 255 66
0.668450891971588 -0.0370245687663555 2.99700021743774 255 255 67
0.675865530967712 -0.0369846038520336 2.99400019645691 255 255 68
0.684633374214172 -0.0370187573134899 2.99700021743774 255 255 67
0.692260205745697 -0.0369911380112171 2.99500012397766 255 255 69
0.699641168117523 -0.0369511768221855 2.99200010299683 255 255 68
0.707714140415192 -0.0369482636451721 2.99200010299683 255 255 68
0.716503500938416 -0.0369823910295963 2.99500012397766 255 255 68
0.725307822227478 -0.0370165146887302 2.9980001449585 255 255 68
0.733393132686615 -0.0370135940611362 2.9980001449585 255 255 84
0.741971790790558 -0.0370353609323502 3.00000023841858 189 179 30
0.749309897422791 -0.0369954071938992 2.99700021743774 255 86 74
0.756377875804901 -0.0369431152939796 2.99300003051758 255 74 77
0.764444768428802 -0.0369402132928371 2.99300003051758 254 64 75
0.772252261638641 -0.0369249656796455 2.99200010299683 255 70 81
0.78083598613739 -0.0369467586278915 2.99400019645691 255 67 78
0.787848055362701 -0.0368945077061653 2.99000024795532 255 73 80
0.796434760093689 -0.0369163081049919 2.99200010299683 255 74 81
0.803686738014221 -0.0368764288723469 2.98900008201599 255 78 87
0.812007904052734 -0.0368859134614468 2.99000024795532 255 80 89
0.819784760475159 -0.0368707254528999 2.98900008201599 254 73 82
0.8272784948349 -0.036843229085207 2.98700022697449 255 83 93
0.835039913654327 -0.0368280783295631 2.98600006103516 255 75 86
0.845054030418396 -0.0369116067886353 2.99300003051758 255 75 86
0.85310959815979 -0.0369088165462017 2.99300003051758 251 67 78
0.860588908195496 -0.0368813835084438 2.99100017547607 255 77 88
0.86602383852005 -0.0367676615715027 2.98200011253357 255 85 94
0.872288942337036 -0.036690965294838 2.9760000705719 255 80 90
0.879704117774963 -0.0366636104881763 2.9740002155304 255 80 90
0.88860034942627 -0.0366979166865349 2.97700023651123 255 85 93
0.898114383220673 -0.0367568880319595 2.98200011253357 255 90 94
0.906743347644806 -0.0367789044976234 2.98400020599365 255 99 104
0.913849472999573 -0.0367393158376217 2.98100018501282 253 91 92
0.921557605266571 -0.0367244109511375 2.98000025749207 255 97 95
0.929883718490601 -0.0367341712117195 2.98100018501282 255 107 103
0.939788043498993 -0.0368055775761604 2.98700022697449 255 104 98
0.949724197387695 -0.0368770025670528 2.99300003051758 254 106 98
0.9587322473526 -0.0369114801287651 2.99600005149841 255 123 112
0.971951425075531 -0.0371061414480209 3.01200008392334 253 114 105
0.995668530464172 -0.0376950092613697 3.06000018119812 246 114 106
0.571423292160034 -0.0452258810400963 2.9980001449585 213 81 93
0.577022254467011 -0.045026421546936 2.9850001335144 253 90 87
0.583529531955719 -0.0449023880064487 2.97700023651123 255 75 74
0.592376589775085 -0.0449593290686607 2.98100018501282 255 66 69
0.600639581680298 -0.0449710078537464 2.98200011253357 255 85 63
0.609927296638489 -0.0450580678880215 2.98800015449524 255 233 137
0.617177546024323 -0.0449943095445633 2.98400020599365 255 255 75
0.625242829322815 -0.044990848749876 2.98400020599365 255 255 69
0.633306741714478 -0.0449873805046082 2.98400020599365 255 255 67
0.642658829689026 -0.0450743474066257 2.99000024795532 255 255 67
0.650736093521118 -0.0450708493590355 2.99000024795532 255 255 67
0.65903228521347 -0.0450824089348316 2.99100017547607 255 255 68
0.665994167327881 -0.0450035259127617 2.98600006103516 255 255 68
0.674507856369019 -0.0450301393866539 2.98800015449524 255 255 68
0.682574152946472 -0.045026607811451 2.98800015449524 255 255 67
0.689945578575134 -0.0449778623878956 2.9850001335144 255 255 68
0.696598052978516 -0.0448839217424393 2.97900009155273 255 255 68
0.704399466514587 -0.0448653213679791 2.97800016403198 255 255 68
0.713390290737152 -0.0449220351874828 2.98200011253357 255 255 68
0.722159445285797 -0.0449636839330196 2.9850001335144 255 255 69
0.730209767818451 -0.0449601374566555 2.9850001335144 255 255 72
0.738753318786621 -0.0449867136776447 2.98700022697449 255 255 106
0.746556460857391 -0.0449681058526039 2.98600006103516 235 80 50
0.754352927207947 -0.0449495054781437 2.9850001335144 253 74 74
0.760865747928619 -0.0448556281626225 2.97900009155273 255 76 87
0.769151866436005 -0.0448671653866768 2.98000025749207 255 76 87
0.777963936328888 -0.0449088141322136 2.98300004005432 255 69 80
0.785473465919495 -0.0448751971125603 2.98100018501282 254 69 78
0.792438805103302 -0.0448114909231663 2.97700023651123 255 83 92
0.79938143491745 -0.0447478033602238 2.97300004959106 255 73 82
0.807116329669952 -0.0447292923927307 2.97200012207031 253 72 82
0.815393388271332 -0.0447408929467201 2.97300004959106 254 73 83
0.82256692647934 -0.0446923188865185 2.97000002861023 255 74 84
0.831401407718658 -0.0447340458631516 2.97300004959106 255 84 94
0.840251088142395 -0.0447757840156555 2.9760000705719 255 80 90
0.848831117153168 -0.0448024943470955 2.97800016403198 248 67 77
0.855119109153748 -0.0447088666260242 2.97200012207031 255 77 86
0.86108386516571 -0.0446002371609211 2.96500015258789 248 67 81
0.868768692016602 -0.0445818938314915 2.96400022506714 250 72 81
0.876151621341705 -0.044548537582159 2.96200013160706 255 80 86
0.883821606636047 -0.0445302501320839 2.9610002040863 255 93 97
0.892690360546112 -0.0445721447467804 2.96400022506714 255 95 96
0.902182340621948 -0.0446441322565079 2.96900010108948 255 100 101
0.910167872905731 -0.0446409583091736 2.96900010108948 255 110 107
0.918152987957001 -0.0446378216147423 2.96900010108948 255 108 104
0.927073538303375 -0.0446798205375671 2.97200012207031 255 111 103
0.937582850456238 -0.0447970107197762 2.98000025749207 255 119 108
0.946865558624268 -0.0448540858924389 2.98400020599365 255 120 108
0.959369599819183 -0.0450615026056767 2.9980001449585 255 121 109
0.980338633060455 -0.0456596948206425 3.03800010681152 254 123 113
0.562178790569305 -0.0532777681946754 2.99200010299683 255 96 99
0.567417085170746 -0.0530067570507526 2.97700023651123 253 78 74
0.574505627155304 -0.0529137924313545 2.97200012207031 255 83 75
0.581761717796326 -0.0528386160731316 2.96800017356873 255 66 72
0.590385735034943 -0.0528880469501019 2.97100019454956 255 71 77
0.598621726036072 -0.0529018454253674 2.97200012207031 255 75 74
0.608086407184601 -0.0530224107205868 2.97900009155273 249 74 62
0.615312337875366 -0.0529471784830093 2.97500014305115 255 255 127
0.62314385175705 -0.0529253147542477 2.9740002155304 255 255 81
0.630756199359894 -0.0528856478631496 2.97200012207031 255 255 67
0.639216065406799 -0.0529171377420425 2.9740002155304 255 255 66
0.648120641708374 -0.0529842004179955 2.97800016403198 255 255 67
0.655503034591675 -0.0529267005622387 2.97500014305115 255 255 66
0.663536906242371 -0.0529225692152977 2.97500014305115 255 255 67
0.671795189380646 -0.0529362075030804 2.9760000705719 255 255 68
0.679143726825714 -0.0528787039220333 2.97300004959106 255 255 68
0.686012446880341 -0.0527856275439262 2.96800017356873 255 255 68
0.693554282188416 -0.0527459010481834 2.96600008010864 255 255 68
0.701557219028473 -0.052741751074791 2.96600008010864 255 255 69
0.710515677928925 -0.0528087131679058 2.97000002861023 255 255 69
0.718284726142883 -0.0527867712080479 2.96900010108948 255 255 69
0.726291835308075 -0.0527826137840748 2.96900010108948 255 255 69
0.734297633171082 -0.0527784526348114 2.96900010108948 255 255 70
0.743552327156067 -0.052863173186779 2.9740002155304 255 255 127
0.750811040401459 -0.0528056919574738 2.97100019454956 218 98 56
0.757286310195923 -0.0526949129998684 2.96500015258789 249 81 76
0.763469755649567 -0.0525663793087006 2.95800018310547 255 85 85
0.77300500869751 -0.0526688881218433 2.96400022506714 255 74 79
0.781253814697266 -0.0526825338602066 2.96500015258789 255 73 82
0.789773106575012 -0.0527139715850353 2.96700024604797 255 75 86
0.796688914299011 -0.0526388175785542 2.96300005912781 255 76 87
0.80439692735672 -0.0526169873774052 2.96200013160706 255 80 91
0.81154990196228 -0.0525596439838409 2.95900011062622 255 80 94
0.818408846855164 -0.0524845719337463 2.95500016212463 255 84 97
0.827762246131897 -0.0525693669915199 2.96000003814697 255 79 89
0.837141633033752 -0.0526541694998741 2.96500015258789 255 76 86
0.844551861286163 -0.0526146776974201 2.96300005912781 255 86 96
0.849936485290527 -0.0524509325623512 2.95400023460388 255 81 87
0.855562210083008 -0.0523049868643284 2.94600009918213 255 83 88
0.865247786045074 -0.0524076372385025 2.9520001411438 250 78 82
0.873781621456146 -0.0524392947554588 2.95400023460388 255 90 92
0.882027149200439 -0.0524532198905945 2.95500016212463 255 92 91
0.889976322650909 -0.0524494312703609 2.95500016212463 255 97 94
0.898532450199127 -0.0524811707437038 2.95700025558472 255 104 100
0.905259490013123 -0.0524064563214779 2.95300006866455 255 108 100
0.912892460823059 -0.052385039627552 2.9520001411438 255 114 104
0.92239111661911 -0.0524701215326786 2.95700025558472 255 113 101
0.93254554271698 -0.0525907166302204 2.96400022506714 255 120 108
0.943689048290253 -0.0527645647525787 2.9740002155304 255 121 110
0.960326313972473 -0.0532400235533714 3.00100016593933 247 119 113
0.553149998188019 -0.0613185316324234 2.98700022697449 210 105 112
0.557477295398712 -0.0609034970402718 2.96700024604797 251 75 75
0.564172565937042 -0.0607553161680698 2.96000003814697 255 81 76
0.571988463401794 -0.0607302822172642 2.95900011062622 255 72 65
0.579797446727753 -0.0607052221894264 2.95800018310547 255 72 71
0.588394343852997 -0.0607622154057026 2.9610002040863 255 70 73
0.596603155136108 -0.0607781335711479 2.96200013160706 255 72 73
0.605224370956421 -0.0608350746333599 2.96500015258789 255 84 79
0.621044099330902 -0.0608052462339401 2.96400022506714 255 255 95
0.628841698169708 -0.0607800520956516 2.96300005912781 255 255 68
0.637277245521545 -0.0608163774013519 2.96500015258789 255 255 67
0.645286917686462 -0.0608116611838341 2.96500015258789 255 255 68
0.653735935688019 -0.0608479492366314 2.96700024604797 255 255 67
0.661525189876556 -0.0608226917684078 2.96600008010864 254 255 67
0.670210540294647 -0.0608794465661049 2.96900010108948 255 255 69
0.677083313465118 -0.0607721656560898 2.96400022506714 255 255 68
0.683696627616882 -0.0606443844735622 2.95800018310547 255 255 69
0.690977692604065 -0.0605781152844429 2.95500016212463 255 255 69
0.698950886726379 -0.0605733506381512 2.95500016212463 255 255 69
0.707161962985992 -0.0605890788137913 2.95600008964539 255 255 69
0.714409470558167 -0.0605228170752525 2.95300006866455 255 255 69
0.722862660884857 -0.0605590380728245 2.95500016212463 255 255 69
0.730830669403076 -0.0605542659759521 2.95500016212463 255 255 69
0.739297568798065 -0.0605904832482338 2.95700025558472 255 255 93
0.754216909408569 -0.0604990124702454 2.95300006866455 255 89 83
0.761658608913422 -0.0604533031582832 2.95100021362305 255 83 81
0.770392537117004 -0.0605100281536579 2.95400023460388 255 76 79
0.777823984622955 -0.0604643449187279 2.9520001411438 255 70 79
0.785509824752808 -0.0604391656816006 2.95100021362305 255 77 88
0.793189108371735 -0.0604139938950539 2.95000004768372 255 74 87
0.801133632659912 -0.0604093298316002 2.95000004768372 255 73 86
0.808528661727905 -0.060363732278347 2.94800019264221 251 69 83
0.814804136753082 -0.0602362640202045 2.94200015068054 255 80 93
0.823563277721405 -0.0602930933237076 2.94500017166138 255 77 87
0.832619845867157 -0.0603704005479813 2.94900012016296 255 77 87
0.840842127799988 -0.0603863149881363 2.95000004768372 255 80 89
0.847342729568481 -0.0602794550359249 2.94500017166138 255 82 87
0.854396462440491 -0.060213565826416 2.94200015068054 255 86 88
0.863778114318848 -0.0603114478290081 2.94700002670288 255 97 96
0.872002720832825 -0.060327485203743 2.94800019264221 255 99 96
0.878739774227142 -0.0602412447333336 2.94400024414063 255 103 100
0.886056900024414 -0.0601959750056267 2.94200015068054 255 112 109
0.893666565418243 -0.0601712092757225 2.94100022315979 255 111 105
0.902803122997284 -0.0602487809956074 2.94500017166138 255 107 97
0.911032974720001 -0.0602650046348572 2.94600009918213 255 115 103
0.921139419078827 -0.060404010117054 2.95300006866455 255 112 100
0.931283116340637 -0.0605430416762829 2.96000003814697 255 116 99
0.944954574108124 -0.0609070807695389 2.97800016403198 255 124 115
0.976002514362335 -0.0623754672706127 3.05000019073486 255 158 151
0.551108121871948 -0.0691884756088257 2.9760000705719 223 78 85
0.555593609809875 -0.0687417164444923 2.95700025558472 252 74 74
0.561499416828156 -0.0684809386730194 2.94600009918213 255 77 76
0.569277405738831 -0.0684526190161705 2.94500017166138 254 67 74
0.577244400978088 -0.0684475004673004 2.94500017166138 255 71 74
0.586004912853241 -0.0685353204607964 2.94900012016296 255 77 82
0.593979835510254 -0.0685301423072815 2.94900012016296 255 74 73
0.602157533168793 -0.0685481727123261 2.95000004768372 255 75 74
0.610752820968628 -0.0686126500368118 2.95300006866455 235 68 49
0.618943929672241 -0.0686306282877922 2.95400023460388 255 255 159
0.626926600933075 -0.068625345826149 2.95400023460388 255 255 76
0.633833348751068 -0.0685039013624191 2.94900012016296 255 255 69
0.641582131385803 -0.0684753581881523 2.94800019264221 255 255 68
0.649764835834503 -0.0684932693839073 2.94900012016296 255 255 68
0.659066796302795 -0.0686272829771042 2.95500016212463 255 255 68
0.667496740818024 -0.068668358027935 2.95700025558472 255 255 68
0.674565494060516 -0.0685700997710228 2.95300006866455 255 255 69
0.680917978286743 -0.0684021934866905 2.94600009918213 255 255 69
0.68863433599472 -0.0683736056089401 2.94500017166138 255 255 69
0.696107447147369 -0.0683218017220497 2.94300007820129 255 255 70
0.704286158084869 -0.0683396384119987 2.94400024414063 255 255 70
0.71150130033493 -0.0682646259665489 2.94100022315979 255 255 70
0.719922125339508 -0.0683056712150574 2.94300007820129 255 255 72
0.727857828140259 -0.068300299346447 2.94300007820129 255 255 73
0.735542297363281 -0.0682717263698578 2.94200015068054 255 255 90
0.743220210075378 -0.0682431608438492 2.94100022315979 255 255 125
0.751913189888 -0.0683074146509171 2.94400024414063 232 85 67
0.759330689907074 -0.0682556703686714 2.94200015068054 252 74 76
0.767518758773804 -0.0682735368609428 2.94300007820129 255 79 82
0.773866593837738 -0.0681290253996849 2.93700003623962 253 70 79
0.782044351100922 -0.0681469365954399 2.93800020217896 254 73 83
0.790495336055756 -0.0681880488991737 2.94000005722046 255 77 87
0.798684537410736 -0.0682059749960899 2.94100022315979 255 75 85
0.806329548358917 -0.0681775435805321 2.94000005722046 255 77 90
0.81258362531662 -0.0680332034826279 2.93400025367737 252 68 79
0.820761859416962 -0.0680512115359306 2.93500018119812 255 73 84
0.828944623470306 -0.0680692419409752 2.93600010871887 255 71 82
0.837701976299286 -0.0681336671113968 2.93900012969971 255 78 88
0.84561163187027 -0.0681285709142685 2.93900012969971 247 68 74
0.85264927148819 -0.0680539608001709 2.93600010871887 255 83 87
0.861721634864807 -0.0681416466832161 2.94000005722046 255 100 99
0.868744313716888 -0.0680671259760857 2.93700003623962 255 101 98
0.875750303268433 -0.0679926648736 2.93400025367737 255 102 95
0.883040487766266 -0.0679414123296738 2.93200016021729 255 104 96
0.890623390674591 -0.0679133906960487 2.93100023269653 253 102 94
0.900652766227722 -0.0680707693099976 2.93800020217896 255 109 99
0.908554673194885 -0.0680660083889961 2.93800020217896 255 114 106
0.918639600276947 -0.0682234466075897 2.94500017166138 255 119 112
0.930649518966675 -0.0685199052095413 2.95800018310547 255 116 111
0.953517496585846 -0.0696039125323296 3.00500011444092 241 109 113
0.555776178836823 -0.0768109560012817 2.95800018310547 255 131 147
0.560731709003448 -0.0763898491859436 2.94200015068054 252 83 91
0.568112194538116 -0.0763062909245491 2.93900012969971 242 61 71
0.575866937637329 -0.0762746408581734 2.93800020217896 254 73 82
0.584012269973755 -0.076294869184494 2.93900012969971 255 76 85
0.591557383537292 -0.0762371942400932 2.93700003623962 255 74 77
0.598886132240295 -0.0761535540223122 2.93400025367737 255 77 76
0.60764491558075 -0.0762515589594841 2.93800020217896 255 82 68
0.616843044757843 -0.0764014348387718 2.94400024414063 255 163 97
0.624374330043793 -0.0763436630368233 2.94200015068054 255 255 83
0.631248474121094 -0.0762080252170563 2.93700003623962 255 255 72
0.637876808643341 -0.0760464668273926 2.93100023269653 255 255 69
0.646454274654388 -0.0761183947324753 2.93400025367737 255 255 69
0.655492544174194 -0.0762421637773514 2.93900012969971 255 255 69
0.664104998111725 -0.0763140395283699 2.94200015068054 255 255 69
0.671361744403839 -0.0762302577495575 2.93900012969971 255 255 69
0.677907526493073 -0.0760686695575714 2.93300008773804 255 255 69
0.685121178627014 -0.0759849101305008 2.9300000667572 255 255 72
0.693026900291443 -0.0759789347648621 2.9300000667572 255 255 80
0.700931310653687 -0.0759729743003845 2.9300000667572 255 255 78
0.709076404571533 -0.0759929344058037 2.93100023269653 255 255 94
0.717470169067383 -0.0760388001799583 2.93300008773804 255 255 106
0.724884331226349 -0.0759809836745262 2.93100023269653 255 255 94
0.749098122119904 -0.0760149359703064 2.93300008773804 254 85 83
0.757260322570801 -0.0760349184274673 2.93400025367737 254 75 81
0.765166044235229 -0.0760289803147316 2.93400025367737 255 76 81
0.771226167678833 -0.0758416876196861 2.92700004577637 255 79 88
0.778046131134033 -0.0757321715354919 2.92300009727478 255 79 88
0.785918951034546 -0.0757263153791428 2.92300009727478 255 80 90
0.793790757656097 -0.0757204741239548 2.92300009727478 255 81 91
0.801935911178589 -0.0757405683398247 2.92400002479553 255 80 90
0.80925464630127 -0.0756829828023911 2.92200016975403 255 76 87
0.817121088504791 -0.0756772235035896 2.92200016975403 255 74 84
0.824986517429352 -0.0756715089082718 2.92200016975403 250 69 79
0.833706200122833 -0.0757434964179993 2.92500019073486 255 75 85
0.843016743659973 -0.0758673027157784 2.9300000667572 251 74 80
0.850901365280151 -0.0758616626262665 2.9300000667572 255 79 93
0.858785271644592 -0.0758560746908188 2.9300000667572 253 88 87
0.865485370159149 -0.075746975839138 2.92600011825562 255 97 88
0.873058676719666 -0.0757155939936638 2.92500019073486 255 103 96
0.880023717880249 -0.0756324902176857 2.92200016975403 255 109 101
0.888491213321686 -0.075678862631321 2.92400002479553 254 103 95
0.898501932621002 -0.0758546814322472 2.93100023269653 255 109 101
0.90824031829834 -0.0760046392679214 2.93700003623962 255 111 104
0.920194208621979 -0.0763357803225517 2.95000004768372 255 119 116
0.936936974525452 -0.0770550519227982 2.97800016403198 249 113 114
0.581820487976074 -0.0839711278676987 2.9280002117157 212 90 99
0.589134395122528 -0.0838787704706192 2.92500019073486 242 73 82
0.597042977809906 -0.08387241512537 2.92500019073486 255 77 86
0.605570673942566 -0.0839520543813705 2.9280002117157 244 65 64
0.614322602748871 -0.0840603113174438 2.93200016021729 240 65 61
0.621609210968018 -0.0839678570628166 2.92900013923645 255 255 125
0.628448307514191 -0.0838180556893349 2.92400002479553 255 255 86
0.634823739528656 -0.0836109295487404 2.91700005531311 255 255 72
0.643143057823181 -0.0836617723107338 2.91900014877319 255 255 73
0.651917815208435 -0.0837698951363564 2.92300009727478 255 255 75
0.660938501358032 -0.0839066505432129 2.9280002117157 255 255 81
0.669299602508545 -0.0839573964476585 2.9300000667572 255 255 115
0.676052272319794 -0.083807572722435 2.92500019073486 255 255 145
0.683244287967682 -0.083715058863163 2.92200016975403 255 255 144
0.69853276014328 -0.0836446285247803 2.92000007629395 242 94 63
0.706650912761688 -0.0836667194962502 2.92100024223328 240 78 57
0.71428382396698 -0.0836315006017685 2.92000007629395 232 61 59
0.722157597541809 -0.0836249440908432 2.92000007629395 248 79 78
0.729030013084412 -0.0835038349032402 2.91600012779236 255 82 84
0.736637949943542 -0.0834686681628227 2.91500020027161 255 81 86
0.745005488395691 -0.0835193991661072 2.91700005531311 255 79 92
0.752608239650726 -0.0834842473268509 2.91600012779236 255 84 94
0.760987162590027 -0.0835350081324577 2.91800022125244 255 86 95
0.767531096935272 -0.0833853781223297 2.91300010681152 255 76 85
0.775644302368164 -0.0834075435996056 2.91400003433228 255 79 88
0.783224046230316 -0.0833724811673164 2.91300010681152 255 78 88
0.790797472000122 -0.0833374485373497 2.91200017929077 255 74 84
0.798364460468292 -0.0833024382591248 2.91100025177002 255 76 86
0.805925250053406 -0.0832674726843834 2.91000008583069 255 72 83
0.814598262310028 -0.0833469927310944 2.91300010681152 255 79 89
0.822157084941864 -0.0833120793104172 2.91200017929077 255 76 86
0.829994916915894 -0.0833058282732964 2.91200017929077 254 74 84
0.838982760906219 -0.0834140330553055 2.91600012779236 255 91 97
0.847120225429535 -0.0834364518523216 2.91700005531311 255 95 99
0.854969263076782 -0.0834303125739098 2.91700005531311 255 97 96
0.861634254455566 -0.0833098143339157 2.91300010681152 255 102 99
0.870068252086639 -0.0833609849214554 2.91500020027161 255 100 93
0.87700629234314 -0.0832692086696625 2.91200017929077 254 101 91
0.885750830173492 -0.0833490565419197 2.91500020027161 255 110 100
0.894511103630066 -0.0834289565682411 2.91800022125244 255 112 104
0.906070053577423 -0.0837661921977997 2.9300000667572 255 113 109
0.922996044158936 -0.0845894366502762 2.95900011062622 255 119 120
0.596423923969269 -0.0917304456233978 2.92200016975403 255 137 142
0.60349577665329 -0.0915979072451591 2.91800022125244 255 100 109
0.611173033714294 -0.091559536755085 2.91700005531311 250 83 91
0.618206799030304 -0.0914269611239433 2.91300010681152 248 133 62
0.626077353954315 -0.0914199277758598 2.91300010681152 255 255 124
0.632858395576477 -0.0912559628486633 2.90800023078918 255 255 91
0.641153335571289 -0.0913116559386253 2.91000008583069 255 255 132
0.649457693099976 -0.091367319226265 2.91200017929077 255 255 149
0.657997250556946 -0.0914543271064758 2.91500020027161 255 255 155
0.673965275287628 -0.0914714112877846 2.91600012779236 255 109 88
0.681132972240448 -0.091370165348053 2.91300010681152 243 75 70
0.688519835472107 -0.0913002789020538 2.91100025177002 247 73 75
0.696372985839844 -0.0912931337952614 2.91100025177002 253 77 77
0.704708695411682 -0.0913486778736115 2.91300010681152 252 77 75
0.711830794811249 -0.091247446835041 2.91000008583069 255 80 85
0.718935668468475 -0.0911462381482124 2.90700006484985 255 86 92
0.725523114204407 -0.0909823477268219 2.90200018882751 255 83 92
0.733345985412598 -0.0909752324223518 2.90200018882751 250 70 80
0.741422951221466 -0.0909994691610336 2.90300011634827 255 77 90
0.750020563602448 -0.0910864025354385 2.9060001373291 255 76 85
0.757850825786591 -0.0910793170332909 2.9060001373291 255 76 85
0.76541656255722 -0.0910409167408943 2.90500020980835 255 77 86
0.773242056369781 -0.0910338759422302 2.90500020980835 254 75 81
0.780528604984283 -0.090964175760746 2.90300011634827 255 77 86
0.787803471088409 -0.090894527733326 2.90100002288818 255 77 87
0.794243991374969 -0.0907309204339981 2.89600014686584 253 73 83
0.801487445831299 -0.0906613618135452 2.89400005340576 255 76 86
0.808998763561249 -0.0906231552362442 2.89300012588501 255 80 90
0.817633271217346 -0.0907102897763252 2.89600014686584 255 81 89
0.826283097267151 -0.0907974690198898 2.89900016784668 255 87 93
0.8358114361763 -0.0909786075353622 2.90500020980835 255 95 96
0.844209790229797 -0.0910345017910004 2.90700006484985 255 97 96
0.85144567489624 -0.0909651890397072 2.90500020980835 254 97 94
0.858670055866241 -0.0908959284424782 2.90300011634827 255 105 99
0.866778612136841 -0.0909206569194794 2.90400004386902 254 105 95
0.873988389968872 -0.0908515304327011 2.90200018882751 255 110 98
0.883009970188141 -0.0909702852368355 2.9060001373291 255 114 103
0.89297217130661 -0.0911829918622971 2.91300010681152 255 109 105
0.907610297203064 -0.091865248978138 2.93500018119812 255 108 105
0.937962532043457 -0.0941123515367508 3.007000207901 241 99 102
0.61011815071106 -0.0993179827928543 2.91200017929077 248 134 142
0.61671394109726 -0.0991057530045509 2.9060001373291 232 110 87
0.623920738697052 -0.0989958271384239 2.90300011634827 250 162 94
0.631327629089355 -0.098920002579689 2.90100002288818 214 113 41
0.639383316040039 -0.0989464521408081 2.90200018882751 209 78 34
0.647666037082672 -0.0990069732069969 2.90400004386902 222 71 45
0.655732572078705 -0.0990333631634712 2.90500020980835 236 66 51
0.664945244789124 -0.0992301777005196 2.91100025177002 250 73 69
0.672802209854126 -0.0992224365472794 2.91100025177002 255 80 85
0.680190205574036 -0.0991465151309967 2.90900015830994 255 77 82
0.686856687068939 -0.0989683642983437 2.90400004386902 254 75 80
0.693973243236542 -0.0988583788275719 2.90100002288818 255 76 79
0.7017982006073 -0.0988506451249123 2.90100002288818 255 85 85
0.709132671356201 -0.0987747684121132 2.89900016784668 255 93 93
0.716702461242676 -0.098732978105545 2.89800024032593 255 82 84
0.723015666007996 -0.0985208600759506 2.89200019836426 255 76 82
0.730306029319763 -0.0984450206160545 2.89000010490417 255 82 91
0.737584710121155 -0.0983692333102226 2.88800024986267 252 71 80
0.745625615119934 -0.0983956381678581 2.88900017738342 255 84 93
0.753931641578674 -0.0984560921788216 2.89100003242493 255 85 94
0.761720478534698 -0.0984484702348709 2.89100003242493 255 76 85
0.77004063129425 -0.0985089763998985 2.89300012588501 252 73 79
0.777832627296448 -0.0985013842582703 2.89300012588501 255 80 89
0.78589540719986 -0.0985278785228729 2.89400005340576 255 75 85
0.792591214179993 -0.0983841717243195 2.89000010490417 255 78 88
0.798156917095184 -0.0981043800711632 2.882000207901 255 86 96
0.805356442928314 -0.0980288833379745 2.88000011444092 255 88 96
0.813673615455627 -0.0980895757675171 2.882000207901 255 92 96
0.823710739612579 -0.0983544811606407 2.89000010490417 255 96 97
0.833214938640594 -0.0985513627529144 2.89600014686584 255 102 100
0.840717971324921 -0.0985100567340851 2.89500021934509 255 107 104
0.848214685916901 -0.0984688028693199 2.89400005340576 255 108 102
0.855409622192383 -0.0983936041593552 2.89200019836426 255 109 101
0.862593114376068 -0.098318450152874 2.89000010490417 255 120 105
0.870367586612701 -0.0983114093542099 2.89000010490417 255 126 111
0.879964709281921 -0.0985085219144821 2.89600014686584 255 117 108
0.893885254859924 -0.0991818681359291 2.91600012779236 255 116 111
0.914406776428223 -0.100569412112236 2.95700025558472 244 103 100
0.630884408950806 -0.106729805469513 2.89900016784668 208 116 118
0.63849413394928 -0.106684759259224 2.89800024032593 228 105 112
0.645650863647461 -0.106566064059734 2.89500021934509 250 93 90
0.653015851974487 -0.106484174728394 2.89300012588501 250 86 81
0.660597145557404 -0.106439098715782 2.89200019836426 252 80 82
0.669096231460571 -0.106541208922863 2.89500021934509 255 79 85
0.676441073417664 -0.106459304690361 2.89300012588501 252 75 73
0.683773875236511 -0.106377385556698 2.89100003242493 255 81 87
0.690855503082275 -0.10625871270895 2.88800024986267 255 88 93
0.699129104614258 -0.106323979794979 2.89000010490417 255 77 82
0.706434011459351 -0.106242097914219 2.88800024986267 255 85 87
0.713973999023438 -0.106197007000446 2.88700008392334 255 90 92
0.721007645130157 -0.106078386306763 2.8840000629425 255 81 86
0.729539930820465 -0.106180444359779 2.88700008392334 253 73 79
0.736810505390167 -0.106098636984825 2.88500022888184 246 66 75
0.744585275650024 -0.106090389192104 2.88500022888184 255 83 92
0.751576721668243 -0.105971850454807 2.882000207901 254 74 84
0.759868204593658 -0.106037184596062 2.8840000629425 255 81 87
0.767104804515839 -0.105955488979816 2.882000207901 255 88 90
0.775136172771454 -0.105984106659889 2.88300013542175 255 81 85
0.782628774642944 -0.105939231812954 2.882000207901 255 84 86
0.790115118026733 -0.105894386768341 2.88100004196167 254 86 90
0.795933604240417 -0.105629086494446 2.87400007247925 255 97 98
0.80339127779007 -0.105584360659122 2.8730001449585 255 95 96
0.811124920845032 -0.105576418340206 2.8730001449585 255 103 101
0.820852994918823 -0.105825759470463 2.88000011444092 255 104 100
0.828891694545746 -0.105854645371437 2.88100004196167 255 111 107
0.83664470911026 -0.105846837162971 2.88100004196167 255 104 98
0.844690024852753 -0.105875834822655 2.882000207901 255 110 100
0.852444291114807 -0.105868138372898 2.882000207901 253 108 96
0.859600961208344 -0.105787046253681 2.88000011444092 255 126 108
0.867649793624878 -0.105816222727299 2.88100004196167 255 123 104
0.879349768161774 -0.10628617554903 2.89400005340576 255 125 113
0.898169577121735 -0.107600778341293 2.9300000667572 250 122 116
0.64497321844101 -0.11431311070919 2.89200019836426 215 115 122
0.652104377746582 -0.114185683429241 2.88900017738342 231 102 108
0.659218072891235 -0.114058263599873 2.88600015640259 247 100 106
0.667007446289063 -0.114049382507801 2.88600015640259 255 97 106
0.674094319343567 -0.113921977579594 2.88300013542175 255 81 91
0.681400120258331 -0.113834053277969 2.88100004196167 255 82 91
0.688454687595367 -0.113706648349762 2.87800002098084 254 77 83
0.696459472179413 -0.113737285137177 2.87900018692017 255 80 86
0.703979194164276 -0.113688908517361 2.87800002098084 253 74 79
0.711987018585205 -0.113719560205936 2.87900018692017 255 80 85
0.719498991966248 -0.113671183586121 2.87800002098084 252 73 72
0.727762579917908 -0.113741330802441 2.88000011444092 255 83 89
0.734503448009491 -0.113574542105198 2.87600016593933 250 68 87
0.741479635238647 -0.113447263836861 2.8730001449585 255 83 96
0.748699605464935 -0.113359525799751 2.87100005149841 255 89 98
0.756961464881897 -0.113429732620716 2.8730001449585 255 94 100
0.765233159065247 -0.113499969244003 2.87500023841858 255 90 92
0.772439122200012 -0.11341231316328 2.8730001449585 255 93 95
0.780448019504547 -0.113443106412888 2.87400007247925 255 92 91
0.788187086582184 -0.113434478640556 2.87400007247925 255 101 100
0.79509449005127 -0.113307476043701 2.87100005149841 255 106 103
0.802544116973877 -0.113259494304657 2.87000012397766 255 103 100
0.809987485408783 -0.113211534917355 2.86900019645691 255 104 101
0.817994773387909 -0.113242566585541 2.87000012397766 251 99 95
0.825718879699707 -0.113234177231789 2.87000012397766 255 112 106
0.832571089267731 -0.113107495009899 2.86700010299683 255 116 108
0.841458141803741 -0.113257020711899 2.87100005149841 255 111 100
0.849478721618652 -0.113288268446922 2.87200021743774 255 113 98
0.856608510017395 -0.113201223313808 2.87000012397766 255 121 106
0.865232825279236 -0.113311484456062 2.8730001449585 255 126 108
0.879341959953308 -0.114131651818752 2.89400005340576 252 122 116
0.912875771522522 -0.117436192929745 2.97800016403198 240 134 127
0.680208384990692 -0.12144722789526 2.87600016593933 215 101 109
0.686771094799042 -0.121226660907269 2.87100005149841 238 95 104
0.694031238555908 -0.121132783591747 2.86900019645691 247 83 94
0.701034843921661 -0.120996691286564 2.86600017547607 252 82 94
0.708763062953949 -0.120987288653851 2.86600017547607 254 74 84
0.716489911079407 -0.120977878570557 2.86600017547607 252 68 79
0.725479125976563 -0.121179506182671 2.87100005149841 254 70 81
0.732706665992737 -0.121085718274117 2.86900019645691 255 78 88
0.740180194377899 -0.121034130454063 2.86800003051758 255 84 90
0.746865093708038 -0.120855987071991 2.86400008201599 255 92 90
0.755371689796448 -0.120973274111748 2.86700010299683 249 78 77
0.763094782829285 -0.120963983237743 2.86700010299683 255 89 88
0.770548224449158 -0.120912544429302 2.86600017547607 249 84 85
0.777452051639557 -0.120776765048504 2.86300015449524 255 94 93
0.78516149520874 -0.120767593383789 2.86300015449524 255 99 96
0.792870163917542 -0.120758473873138 2.86300015449524 255 100 94
0.800577819347382 -0.12074938416481 2.86300015449524 255 101 95
0.808284819126129 -0.120740354061127 2.86300015449524 255 104 98
0.81599098443985 -0.120731368660927 2.86300015449524 255 115 108
0.822833120822906 -0.120595946907997 2.8600001335144 255 116 108
0.830529808998108 -0.120587103068829 2.8600001335144 255 114 105
0.838518679141998 -0.120620466768742 2.86100006103516 255 123 110
0.847399771213531 -0.120780386030674 2.86500024795532 255 118 105
0.85480934381485 -0.120729565620422 2.86400008201599 255 125 113
0.865826845169067 -0.121184661984444 2.87500023841858 252 118 110
0.887537658214569 -0.123114928603172 2.92100024223328 249 123 117
0.693053901195526 -0.128743276000023 2.86500024795532 208 96 104
0.700291395187378 -0.128643423318863 2.86300015449524 235 95 105
0.707269489765167 -0.128498628735542 2.8600001335144 255 97 110
0.713980317115784 -0.128308951854706 2.85600018501282 255 80 94
0.721426486968994 -0.12825408577919 2.85500001907349 255 89 103
0.728610754013062 -0.128154322504997 2.85300016403198 255 93 97
0.736557483673096 -0.128189340233803 2.85400009155273 255 88 90
0.743987023830414 -0.128134563565254 2.85300016403198 255 87 91
0.752200365066528 -0.128214508295059 2.85500001907349 255 95 97
0.759891271591187 -0.128204688429832 2.85500001907349 253 88 87
0.767312288284302 -0.128150001168251 2.85400009155273 255 92 93
0.77472710609436 -0.128095358610153 2.85300016403198 255 94 93
0.782135486602783 -0.128040760755539 2.85200023651123 255 99 96
0.790091454982758 -0.128076002001762 2.85300016403198 255 97 91
0.797772288322449 -0.128066390752792 2.85300016403198 255 106 100
0.805734634399414 -0.128101706504822 2.85400009155273 255 117 109
0.813416540622711 -0.12809219956398 2.85400009155273 255 120 112
0.821673274040222 -0.128172546625137 2.85600018501282 255 118 109
0.829068779945374 -0.128118261694908 2.85500001907349 255 114 103
0.836165010929108 -0.128019213676453 2.85300016403198 255 118 103
0.843545794487 -0.127965122461319 2.85200023651123 255 125 112
0.853606581687927 -0.128314882516861 2.8600001335144 255 129 117
0.870937585830688 -0.129741370677948 2.89200019836426 242 114 108
0.726557493209839 -0.135516822338104 2.84500002861023 251 110 119
0.734482765197754 -0.135554030537605 2.84600019454956 239 82 99
0.741890728473663 -0.135495975613594 2.84500002861023 252 98 92
0.74902880191803 -0.135390341281891 2.84300017356873 255 102 91
0.756154954433441 -0.135284751653671 2.84100008010864 255 96 97
0.76380729675293 -0.135274454951286 2.84100008010864 255 94 92
0.770643889904022 -0.13512134552002 2.83800005912781 254 100 96
0.778560340404511 -0.135158732533455 2.83900022506714 255 108 102
0.786204516887665 -0.135148569941521 2.83900022506714 255 108 98
0.794966280460358 -0.135328873991966 2.84300017356873 255 108 96
0.802901744842529 -0.135366395115852 2.84400010108948 255 117 105
0.810556828975677 -0.135356366634369 2.84400010108948 255 121 106
0.817060351371765 -0.135156065225601 2.84000015258789 255 120 105
0.82499372959137 -0.135193780064583 2.84100008010864 255 128 112
0.832345485687256 -0.135136395692825 2.84000015258789 255 123 107
0.842353105545044 -0.135507315397263 2.84800004959106 254 119 107
0.854791045188904 -0.136258870363235 2.86400008201599 232 116 101
0.733955800533295 -0.143177017569542 2.84400010108948 198 101 116
0.740576148033142 -0.142964661121368 2.84000015258789 254 117 123
0.74664694070816 -0.142651706933975 2.83400011062622 247 100 107
0.753482818603516 -0.142489835619926 2.83100008964539 252 98 101
0.761108100414276 -0.142479002475739 2.83100008964539 255 101 101
0.768732607364655 -0.142468228936195 2.83100008964539 255 106 102
0.776356041431427 -0.142457485198975 2.83100008964539 255 113 106
0.78453254699707 -0.142547443509102 2.83300018310547 255 113 102
0.792439222335815 -0.142587095499039 2.83400011062622 255 115 100
0.79950362443924 -0.14247590303421 2.83200001716614 255 120 105
0.806841611862183 -0.142415091395378 2.83100008964539 254 117 99
0.813885569572449 -0.142304047942162 2.82900023460388 253 118 100
0.822950780391693 -0.142545163631439 2.83400011062622 255 132 114
0.832335412502289 -0.142836630344391 2.84000015258789 255 126 110
0.845596671104431 -0.143781915307045 2.85900020599365 255 127 115
0.746635794639587 -0.150341376662254 2.83400011062622 192 96 105
0.752673327922821 -0.150011673569679 2.82800006866455 255 122 127
0.759752869606018 -0.149894207715988 2.82600021362305 255 121 118
0.766549289226532 -0.149723798036575 2.82300019264221 253 108 105
0.773876965045929 -0.149659499526024 2.82200002670288 255 118 113
0.781475365161896 -0.149648278951645 2.82200002670288 255 118 105
0.789632260799408 -0.149743214249611 2.82400012016296 255 126 111
0.796105206012726 -0.149520039558411 2.82000017166138 254 117 99
0.803410768508911 -0.149456039071083 2.81900024414063 255 129 110
0.81099796295166 -0.149445101618767 2.81900024414063 255 125 106
0.821198046207428 -0.149911344051361 2.82800006866455 255 131 107
0.834083437919617 -0.150854647159576 2.84600019454956 255 129 113
0.85741662979126 -0.15365295112133 2.89900016784668 253 128 118
0.773591279983521 -0.157258316874504 2.82100009918213 245 132 136
0.780910134315491 -0.157190844416618 2.82000017166138 249 129 132
0.788782060146332 -0.15723492205143 2.82100009918213 252 121 117
0.795811593532562 -0.15711185336113 2.81900024414063 254 121 109
0.803114533424377 -0.157044589519501 2.81800007820129 250 122 96
0.811274528503418 -0.157144591212273 2.82000017166138 255 132 104
0.822929203510284 -0.157913327217102 2.83400011062622 255 132 104
0.839933574199677 -0.159684911370277 2.86600017547607 234 113 99
0.789329409599304 -0.165002271533012 2.82300019264221 194 87 103
0.799469649791718 -0.165516123175621 2.83200001716614 254 141 145
0.809087634086609 -0.165913119912148 2.83900022506714 255 136 119
0.816728830337524 -0.165901064872742 2.83900022506714 250 128 107
0.830467224121094 -0.167116165161133 2.8600001335144 238 119 94
