-0.397082418203354 0.118403732776642 3.06200003623962 245 103 106
-0.388128578662872 0.118217267096043 3.05700016021729 249 83 88
-0.38031879067421 0.1183787509799 3.06100010871887 255 89 91
-0.371270626783371 0.118153356015682 3.0550000667572 255 94 95
-0.36213493347168 0.117889143526554 3.04800009727478 255 94 92
-0.353268265724182 0.117702141404152 3.04300022125244 255 99 98
-0.344994336366653 0.117708414793015 3.04300022125244 255 90 91
-0.336719214916229 0.117714554071426 3.04300022125244 255 98 97
-0.328334897756577 0.117681883275509 3.04200005531311 255 100 97
-0.321217447519302 0.118113338947296 3.0530002117157 255 100 97
-0.313014000654221 0.118157811462879 3.05400013923645 239 83 77
-0.303307384252548 0.117621786892414 3.04000020027161 219 105 70
-0.29435521364212 0.117356427013874 3.03300023078918 236 142 83
-0.286383330821991 0.117477864027023 3.03600025177002 209 109 58
-0.278485655784607 0.117637872695923 3.04000020027161 223 101 70
-0.269942939281464 0.117526859045029 3.03700017929077 255 110 100
-0.262018650770187 0.117686599493027 3.04100012779236 254 100 96
-0.25457227230072 0.1180784329772 3.05100011825562 255 106 104
-0.245940387248993 0.117928303778172 3.04700016975403 255 104 101
-0.237095400691032 0.117661915719509 3.04000020027161 255 102 99
-0.228663951158524 0.117588892579079 3.03800010681152 221 132 120
-0.221185594797134 0.11801890283823 3.04900026321411 220 131 119
-0.212948203086853 0.118061721324921 3.05000019073486 220 138 125
-0.394495517015457 0.109344981610775 3.04200005531311 233 78 85
-0.386611580848694 0.109459206461906 3.04500007629395 251 73 82
-0.379579782485962 0.109824970364571 3.0550000667572 255 76 81
-0.370669364929199 0.109651416540146 3.05000019073486 255 84 86
-0.361547112464905 0.109405815601349 3.04300022125244 255 87 87
-0.352693885564804 0.109231971204281 3.03800010681152 255 84 86
-0.34454682469368 0.109273761510849 3.03900003433228 255 83 87
-0.336282461881638 0.109279461205006 3.03900003433228 255 85 87
-0.327693045139313 0.109177179634571 3.03600025177002 236 72 67
-0.319750070571899 0.109290532767773 3.03900003433228 233 71 62
-0.31158459186554 0.109331861138344 3.04000020027161 255 146 125
-0.302414774894714 0.109013393521309 3.0310001373291 255 255 138
-0.293972223997116 0.108946561813354 3.02900004386902 255 255 118
-0.286011099815369 0.109059438109398 3.03200006484985 255 255 124
-0.26932555437088 0.108997069299221 3.03000020980835 240 91 74
-0.261247903108597 0.109073609113693 3.03200006484985 253 92 89
-0.253575563430786 0.109329909086227 3.03900003433228 251 77 79
-0.245299100875854 0.109334260225296 3.03900003433228 255 83 85
-0.236943706870079 0.109302490949631 3.03800010681152 255 82 88
-0.228367030620575 0.109162658452988 3.03400015830994 255 81 81
-0.220609232783318 0.109418451786041 3.04100012779236 253 80 78
-0.212253913283348 0.109386302530766 3.04000020027161 255 91 81
-0.203903168439865 0.109353981912136 3.03900003433228 250 77 73
-0.195106521248817 0.109069637954235 3.0310001373291 255 84 84
-0.186660885810852 0.108965069055557 3.02800011634827 255 82 80
-0.178643316030502 0.10911226272583 3.03200006484985 251 81 76
-0.170659422874451 0.109295308589935 3.03700017929077 252 84 79
-0.162487179040909 0.10937026143074 3.03900003433228 255 94 89
-0.153745234012604 0.109049186110497 3.03000020980835 255 82 86
-0.145387843251228 0.108979880809784 3.02800011634827 255 85 83
-0.137040764093399 0.108910426497459 3.02600026130676 255 90 86
-0.12883172929287 0.108948804438114 3.02700018882751 255 85 80
-0.12053706496954 0.108915060758591 3.02600026130676 255 94 89
-0.112432889640331 0.109061144292355 3.03000020980835 255 94 91
-0.104203291237354 0.109099082648754 3.0310001373291 255 87 85
-0.0956829562783241 0.108812935650349 3.02300024032593 255 85 83
-0.0873215571045876 0.108670599758625 3.01900005340576 251 78 76
-0.0790864080190659 0.108672112226486 3.01900005340576 249 78 77
-0.0710386857390404 0.108961448073387 3.02700018882751 255 89 88
-0.0626566559076309 0.10874667018652 3.02100014686584 255 86 85
-0.0543611459434032 0.108639739453793 3.01800012588501 253 82 81
-0.0460512116551399 0.108460672199726 3.01300024986267 239 86 84
-0.0379315949976444 0.10874941945076 3.02100014686584 242 89 87
-0.0297288559377193 0.108894012868404 3.02500009536743 238 86 82
-0.0214970745146275 0.109002470970154 3.02800011634827 249 97 93
-0.0132488291710615 0.109110780060291 3.0310001373291 242 90 86
-0.0049726627767086 0.108966961503029 3.02700018882751 243 91 87
0.00328278378583491 0.108858980238438 3.02400016784668 242 92 88
0.0115142185240984 0.108678855001926 3.01900005340576 244 95 91
0.0197772029787302 0.10882256180048 3.02300024032593 245 101 96
0.028043394908309 0.108894124627113 3.02500009536743 241 92 88
0.0362723805010319 0.108821541070938 3.02300024032593 235 94 91
-0.399984896183014 0.100355610251427 3.02100014686584 245 113 117
-0.392426759004593 0.100527688860893 3.02600026130676 254 87 95
-0.385728925466537 0.100932233035564 3.03800010681152 255 88 94
-0.378219038248062 0.10113736987114 3.04400014877319 255 87 89
-0.369946002960205 0.101143084466457 3.04400014877319 255 98 102
-0.360958814620972 0.100949309766293 3.03800010681152 255 90 91
-0.352467358112335 0.100888356566429 3.03600025177002 250 86 83
-0.344212263822556 0.10089373588562 3.03600025177002 228 83 61
-0.335623979568481 0.100799314677715 3.03300023078918 248 147 75
-0.326726913452148 0.100605063140392 3.02700018882751 255 255 106
-0.318071842193604 0.100477166473866 3.02300024032593 255 255 96
-0.309744745492935 0.100448854267597 3.0220000743866 255 255 76
-0.301521748304367 0.100453659892082 3.0220000743866 255 255 72
-0.29368594288826 0.100591354072094 3.02600026130676 255 255 69
-0.285355478525162 0.100562691688538 3.02500009536743 255 255 70
-0.277029484510422 0.100533924996853 3.02400016784668 255 255 73
-0.26826336979866 0.1003388017416 3.01800012588501 255 243 159
-0.260218292474747 0.100409530103207 3.02000021934509 240 109 65
-0.25249508023262 0.100613154470921 3.02600026130676 244 74 68
-0.244576767086983 0.100750163197517 3.03000020980835 255 87 87
-0.236323773860931 0.100754052400589 3.03000020980835 255 77 83
-0.228069797158241 0.10075781494379 3.03000020980835 255 81 86
-0.219815000891685 0.100761458277702 3.03000020980835 255 81 81
-0.211210176348686 0.100598685443401 3.02500009536743 255 81 81
-0.202967286109924 0.100602082908154 3.02500009536743 255 87 87
-0.194594874978065 0.100538812577724 3.02300024032593 255 78 88
-0.186417475342751 0.10057520121336 3.02400016784668 250 76 80
-0.178292840719223 0.10064472258091 3.02600026130676 250 79 78
-0.170212790369987 0.100747369229794 3.02900004386902 255 85 84
-0.162008762359619 0.100783370435238 3.03000020980835 255 87 86
-0.153240486979485 0.100453361868858 3.02000021934509 252 83 81
-0.145006239414215 0.100455835461617 3.02000021934509 252 81 79
-0.136861994862556 0.100524701178074 3.0220000743866 255 85 83
-0.12870629131794 0.100593440234661 3.02400016784668 249 80 78
-0.120300151407719 0.100462451577187 3.02000021934509 255 87 85
-0.111989557743073 0.100397847592831 3.01800012588501 246 77 76
-0.103689409792423 0.100333109498024 3.01600003242493 255 87 89
-0.0953364446759224 0.100201703608036 3.01200008392334 255 83 85
-0.0871495306491852 0.100236505270004 3.01300024986267 255 83 85
-0.0790615901350975 0.100404232740402 3.01800012588501 255 84 86
-0.0710164532065392 0.100671648979187 3.02600026130676 255 86 88
-0.0626370161771774 0.100473158061504 3.02000021934509 253 81 83
-0.0543620958924294 0.100407600402832 3.01800012588501 255 84 86
-0.0460673049092293 0.100275360047817 3.01400017738342 248 76 78
-0.0378694757819176 0.100342608988285 3.01600003242493 254 82 84
-0.0296310987323523 0.100309900939465 3.01500010490417 255 87 86
-0.0213980562984943 0.100277073681355 3.01400017738342 248 77 76
-0.0131966061890125 0.100443698465824 3.01900005340576 255 87 86
-0.00495467847213149 0.10034404695034 3.01600003242493 255 89 87
0.00327415624633431 0.100344054400921 3.01600003242493 255 87 85
0.0114953508600593 0.10027739405632 3.01400017738342 255 83 83
0.019731754437089 0.10034367442131 3.01600003242493 253 84 82
0.0279419049620628 0.100276730954647 3.01400017738342 251 77 79
0.0361410267651081 0.100209653377533 3.01200008392334 245 79 83
-0.398269355297089 0.0917307138442993 3.00800013542175 230 75 83
-0.390357494354248 0.0917971730232239 3.01000022888184 255 87 96
-0.383703023195267 0.0921685174107552 3.0220000743866 255 88 92
-0.376360774040222 0.0923873260617256 3.02900004386902 254 84 86
-0.368736147880554 0.0925450623035431 3.03400015830994 252 88 85
-0.359657168388367 0.0923366695642471 3.02700018882751 241 86 76
-0.351311594247818 0.0923111885786057 3.02600026130676 255 152 130
-0.343196958303452 0.0923466309905052 3.02700018882751 255 255 144
-0.334854364395142 0.0923209562897682 3.02600026130676 255 255 99
-0.326407998800278 0.0922646746039391 3.02400016784668 255 255 73
-0.317445278167725 0.0920557230710983 3.01700019836426 255 255 70
-0.309134393930435 0.0920297279953957 3.01600003242493 255 255 70
-0.301027476787567 0.0920646712183952 3.01700019836426 255 255 69
-0.29310804605484 0.0921605303883553 3.02000021934509 255 255 69
-0.284605175256729 0.0920731946825981 3.01700019836426 255 255 69
-0.275934398174286 0.0919247046113014 3.01200008392334 255 255 69
-0.267289727926254 0.0917760878801346 3.007000207901 255 255 73
-0.259188294410706 0.0918104872107506 3.00800013542175 255 255 85
-0.251414209604263 0.09196687489748 3.01300024986267 255 255 109
-0.235625460743904 0.0922182947397232 3.02100014686584 232 76 60
-0.227471187710762 0.0922522693872452 3.0220000743866 253 84 82
-0.21887531876564 0.092102974653244 3.01700019836426 255 82 82
-0.210096329450607 0.0918619558215141 3.0090000629425 255 80 90
-0.201896890997887 0.0918650403618813 3.0090000629425 255 83 88
-0.193889826536179 0.091959610581398 3.01200008392334 255 79 81
-0.185988917946815 0.0921151489019394 3.01700019836426 255 80 82
-0.177588611841202 0.0920262932777405 3.01400017738342 255 79 79
-0.169484943151474 0.0920899882912636 3.01600003242493 255 88 88
-0.161048874258995 0.0919703468680382 3.01200008392334 255 91 91
-0.152684733271599 0.0918811336159706 3.0090000629425 255 80 80
-0.144528403878212 0.0919139459729195 3.01000022888184 255 82 82
-0.136501863598824 0.0920382291078568 3.01400017738342 255 91 93
-0.128155037760735 0.0919486358761787 3.01100015640259 255 88 90
-0.119943559169769 0.091950535774231 3.01100015640259 255 84 86
-0.111583158373833 0.0918301567435265 3.007000207901 255 84 86
-0.103381656110287 0.091831810772419 3.007000207901 255 86 88
-0.0949581563472748 0.0916195511817932 3.00000023841858 255 83 85
-0.0869773849844933 0.091834731400013 3.007000207901 255 84 84
-0.0788008943200111 0.0918665379285812 3.00800013542175 255 91 91
-0.0707124993205071 0.0920203998684883 3.01300024986267 255 90 92
-0.0623061656951904 0.0917465537786484 3.00400018692017 254 76 78
-0.0542008578777313 0.0919001549482346 3.0090000629425 254 76 76
-0.0459763370454311 0.0918703973293304 3.00800013542175 255 82 84
-0.0377821922302246 0.0919015854597092 3.0090000629425 255 89 91
-0.0294939838349819 0.0916577577590942 3.00100016593933 255 89 91
-0.0213061049580574 0.0916581526398659 3.00100016593933 255 85 85
-0.013131252489984 0.0917500555515289 3.00400018692017 255 84 86
-0.00493833096697927 0.0918112769722939 3.00600004196167 255 83 83
0.00326335360296071 0.091811291873455 3.00600004196167 255 84 84
0.0114726517349482 0.0918722599744797 3.00800013542175 255 83 83
0.0196666456758976 0.0918109342455864 3.00600004196167 253 79 79
0.0278218388557434 0.0916578620672226 3.00100016593933 255 84 88
0.0360096208751202 0.0916573628783226 3.00100016593933 251 86 91
-0.404417842626572 0.0831157267093658 2.99300003051758 255 167 165
-0.396420985460281 0.0831485316157341 2.99400019645691 243 86 86
-0.388028234243393 0.0830979272723198 2.99200010299683 255 97 94
-0.381295710802078 0.0834083259105682 3.00300025939941 222 73 55
-0.374004989862442 0.08360755443573 3.01000022888184 251 154 83
-0.366553425788879 0.0837789624929428 3.01600003242493 255 244 129
-0.358236193656921 0.0837558284401894 3.01500010490417 255 255 100
-0.350039273500443 0.0837603956460953 3.01500010490417 255 255 76
-0.342294573783875 0.0838760063052177 3.01900005340576 255 255 70
-0.333973616361618 0.0838526263833046 3.01800012588501 255 255 69
-0.325764834880829 0.083856925368309 3.01800012588501 255 255 69
-0.316818356513977 0.0836666449904442 3.01100015640259 255 255 69
-0.30862620472908 0.0836707502603531 3.01100015640259 255 255 70
-0.300333172082901 0.0836469829082489 3.01000022888184 255 255 69
-0.292432755231857 0.0837342888116837 3.01300024986267 255 255 69
-0.283948838710785 0.0836547464132309 3.01000022888184 255 255 69
-0.274930506944656 0.0834083259105682 3.00100016593933 255 255 69
-0.266404569149017 0.0833007767796516 2.99700021743774 255 255 69
-0.258330255746841 0.0833320915699005 2.9980001449585 255 255 69
-0.25066676735878 0.0835023000836372 3.00400018692017 255 255 76
-0.24264669418335 0.0835612267255783 3.00600004196167 255 255 89
-0.234380885958672 0.0835366696119308 3.00500011444092 255 255 134
-0.226571157574654 0.0836787968873978 3.01000022888184 255 137 80
-0.218080416321754 0.0835706144571304 3.00600004196167 239 81 64
-0.209680408239365 0.0834901332855225 3.00300025939941 255 94 100
-0.201363027095795 0.0834373384714127 3.00100016593933 255 89 93
-0.193506360054016 0.0835790634155273 3.00600004196167 255 87 85
-0.185560062527657 0.0836928933858871 3.01000022888184 255 90 86
-0.177119791507721 0.0835841596126556 3.00600004196167 255 80 80
-0.168532073497772 0.0833919048309326 2.99900007247925 255 79 81
-0.160249173641205 0.0833385735750198 2.99700021743774 255 89 91
-0.152128785848618 0.0833685398101807 2.9980001449585 255 80 80
-0.14405032992363 0.0834262147545815 3.00000023841858 255 80 82
-0.135869801044464 0.0834281668066978 3.00000023841858 255 81 86
-0.127475902438164 0.0832909420132637 2.99500012397766 255 81 86
-0.119586795568466 0.0834873467683792 3.00200009346008 255 86 88
-0.111287921667099 0.0834055244922638 2.99900007247925 255 87 89
-0.102970600128174 0.0832957774400711 2.99500012397766 255 85 87
-0.0946430042386055 0.0831580981612206 2.99000024795532 255 87 89
-0.0866315513849258 0.0832984298467636 2.99500012397766 255 87 87
-0.078513890504837 0.0833552181720734 2.99700021743774 255 83 83
-0.0703614950180054 0.0833840742707253 2.9980001449585 255 81 81
-0.0620789304375649 0.0832459405064583 2.99300003051758 255 83 85
-0.0539855025708675 0.0833580046892166 2.99700021743774 255 80 80
-0.0458241663873196 0.0833865329623222 2.9980001449585 255 77 79
-0.0376195162534714 0.0833314880728722 2.99600005149841 255 82 84
-0.0293666534125805 0.083109438419342 2.98800015449524 255 84 86
-0.0211928244680166 0.0830263495445251 2.9850001335144 255 88 90
-0.0130615048110485 0.0831100419163704 2.98800015449524 255 78 80
-0.00491376128047705 0.0831936150789261 2.99100017547607 255 79 81
0.00325145968236029 0.0833048820495605 2.99500012397766 255 79 84
0.0114270513877273 0.0833325833082199 2.99600005149841 252 75 80
0.0195818822830915 0.0832489207386971 2.99300003051758 255 79 81
0.0276368297636509 0.0829148292541504 2.98100018501282 255 92 96
0.0358061604201794 0.0829978212714195 2.98400020599365 239 85 89
-0.404152423143387 0.0749132931232452 2.99100017547607 221 114 110
-0.395763725042343 0.0748677328228951 2.98900008201599 254 115 96
-0.379903554916382 0.0749517306685448 2.99200010299683 255 255 132
-0.372766971588135 0.0751564726233482 3.00000023841858 255 255 98
-0.364734828472137 0.0751857757568359 3.00100016593933 255 255 78
-0.3559829890728 0.0750646814703941 2.99600005149841 255 255 73
-0.347721576690674 0.0750437304377556 2.99500012397766 255 255 70
-0.340484708547592 0.0752482041716576 3.00300025939941 255 255 69
-0.332760483026505 0.0753523856401443 3.007000207901 255 255 69
-0.324581563472748 0.0753562673926353 3.007000207901 255 255 69
-0.315875262022018 0.0752347484230995 3.00200009346008 255 255 69
-0.308015078306198 0.0753136426210403 3.00500011444092 255 255 69
-0.299937844276428 0.0753423273563385 3.00600004196167 255 255 69
-0.291368782520294 0.0752456039190292 3.00200009346008 255 255 69
-0.282820373773575 0.0751487910747528 2.9980001449585 255 255 69
-0.274292707443237 0.0750518813729286 2.99400019645691 255 255 69
-0.266052395105362 0.0750300660729408 2.99300003051758 255 255 69
-0.257730424404144 0.0749831199645996 2.99100017547607 255 255 69
-0.249501764774323 0.0749611258506775 2.99000024795532 255 255 69
-0.241761893033981 0.0750894770026207 2.99500012397766 255 255 69
-0.233603894710541 0.0750923827290535 2.99500012397766 255 255 70
-0.225595518946648 0.0751453414559364 2.99700021743774 255 255 71
-0.216995015740395 0.0749976262450218 2.99100017547607 255 255 110
-0.208915054798126 0.07502531260252 2.99200010299683 232 207 80
-0.200828835368156 0.0750529170036316 2.99300003051758 194 98 37
-0.192865148186684 0.0751305967569351 2.99600005149841 254 88 83
-0.184822708368301 0.075183093547821 2.9980001449585 254 80 80
-0.176238298416138 0.0750098004937172 2.99100017547607 255 78 84
-0.167635142803192 0.0748113021254539 2.98300004005432 255 83 88
-0.15923535823822 0.0746879503130913 2.97800016403198 255 79 81
-0.151572614908218 0.0749156177043915 2.98700022697449 252 74 76
-0.143524035811424 0.074967622756958 2.98900008201599 255 78 83
-0.135373398661613 0.0749693736433983 2.98900008201599 255 84 89
-0.127179652452469 0.0749459490180016 2.98800015449524 255 79 84
-0.119309522211552 0.0751230716705322 2.99500012397766 255 81 86
-0.111140966415405 0.075124517083168 2.99500012397766 255 88 93
-0.102765679359436 0.0749753713607788 2.98900008201599 255 86 88
-0.0944860056042671 0.0748762860894203 2.9850001335144 255 88 88
-0.0863723754882813 0.0749025121331215 2.98600006103516 255 81 81
-0.0781219676136971 0.0748032182455063 2.98200011253357 255 85 83
-0.0698930472135544 0.0747038125991821 2.97800016403198 255 88 88
-0.0616441816091537 0.0745541378855705 2.97200012207031 255 84 84
-0.053698007017374 0.0747806429862976 2.98100018501282 255 83 83
-0.0456413552165031 0.074906699359417 2.98600006103516 254 76 76
-0.0375446826219559 0.0750075802206993 2.99000024795532 255 81 83
-0.02931790612638 0.0748323947191238 2.98300004005432 255 82 84
-0.0211647097021341 0.0747825428843498 2.98100018501282 252 76 78
-0.0130267096683383 0.0747576728463173 2.98000025749207 255 85 87
-0.00489575555548072 0.0747577920556068 2.98000025749207 255 87 89
0.00323521881364286 0.0747577995061874 2.98000025749207 255 84 86
0.0113661801442504 0.0747577100992203 2.98000025749207 255 85 87
0.019477466121316 0.0746822580695152 2.97700023651123 255 83 85
0.0275352150201797 0.0745063498616219 2.97000002861023 255 92 97
0.0356506481766701 0.0745310336351395 2.97100019454956 255 136 142
-0.411727994680405 0.0666727274656296 2.98700022697449 239 133 133
-0.403346002101898 0.0666321814060211 2.9850001335144 237 92 98
-0.386740177869797 0.0665732175111771 2.98200011253357 255 255 144
-0.378383964300156 0.0665324702858925 2.98000025749207 255 255 84
-0.370658665895462 0.0666032880544662 2.98300004005432 255 255 78
-0.362551093101501 0.0666070580482483 2.98300004005432 255 255 73
-0.354561060667038 0.0666330978274345 2.98400020599365 255 255 69
-0.346216052770615 0.0665920749306679 2.98200011253357 255 255 69
-0.338447600603104 0.0666626393795013 2.9850001335144 255 255 70
-0.33032962679863 0.0666661486029625 2.9850001335144 255 255 69
-0.322210431098938 0.0666695758700371 2.9850001335144 255 255 69
-0.313774406909943 0.0666059255599976 2.98200011253357 255 255 69
-0.306378483772278 0.0667655616998672 2.98900008201599 255 255 69
-0.298644095659256 0.066858135163784 2.99300003051758 255 255 69
-0.29030442237854 0.0668165981769562 2.99100017547607 255 255 69
-0.281785875558853 0.066730298101902 2.98700022697449 255 255 69
-0.273471295833588 0.0666886046528816 2.9850001335144 255 255 69
-0.26525542140007 0.0666691660881042 2.98400020599365 255 255 70
-0.256613165140152 0.0665379390120506 2.97800016403198 255 255 69
-0.248002573847771 0.0664066076278687 2.97200012207031 255 255 69
-0.240311682224274 0.0665209889411926 2.97700023651123 255 255 69
-0.232202634215355 0.0665235593914986 2.97700023651123 255 255 69
-0.224393755197525 0.0666154399514198 2.98100018501282 255 255 70
-0.21598182618618 0.0665284693241119 2.97700023651123 255 255 92
-0.208289042115211 0.066664882004261 2.98300004005432 255 255 132
-0.200160205364227 0.0666671395301819 2.98300004005432 255 255 149
-0.192288041114807 0.0667587071657181 2.98700022697449 250 93 82
-0.183838471770287 0.0666490346193314 2.98200011253357 255 81 87
-0.175592198967934 0.0666063278913498 2.98000025749207 255 77 86
-0.167018949985504 0.0664294213056564 2.97200012207031 255 81 87
-0.159023344516754 0.0664759427309036 2.9740002155304 255 81 86
-0.15101620554924 0.0665223747491837 2.9760000705719 255 82 84
-0.142901495099068 0.0665240213274956 2.9760000705719 255 79 85
-0.134695634245872 0.0664808675646782 2.9740002155304 255 82 88
-0.126670375466347 0.0665270388126373 2.9760000705719 250 70 79
-0.118713401257992 0.0666178464889526 2.98000025749207 252 72 81
-0.110771209001541 0.066730909049511 2.9850001335144 255 83 89
-0.102526240050793 0.0666650459170341 2.98200011253357 255 78 83
-0.0943605154752731 0.0666437968611717 2.98100018501282 255 83 85
-0.0860552340745926 0.0665106773376465 2.97500014305115 255 80 80
-0.0778347253799438 0.0664221718907356 2.97100019454956 255 83 83
-0.0695418268442154 0.0662441477179527 2.96300005912781 255 89 91
-0.0613545402884483 0.0661331042647362 2.95800018310547 255 92 94
-0.0534644797444344 0.0663573294878006 2.96800017356873 255 87 89
-0.0455043390393257 0.0665591135621071 2.97700023651123 255 86 88
-0.0374321192502975 0.0666490122675896 2.98100018501282 255 79 84
-0.0292396321892738 0.0665152445435524 2.97500014305115 255 88 90
-0.0211081635206938 0.0664708092808723 2.97300004959106 255 83 83
-0.0129962647333741 0.0664710029959679 2.97300004959106 255 86 86
-0.00487938523292542 0.0664040297269821 2.97000002861023 255 89 89
0.00321897258982062 0.0662922486662865 2.96500015258789 253 79 81
0.0112976608797908 0.0662250965833664 2.96200013160706 252 80 84
0.0193730164319277 0.0662025585770607 2.9610002040863 255 90 96
0.0274242907762527 0.0661352202296257 2.95800018310547 240 73 82
-0.410353481769562 0.0583407394587994 2.97700023651123 245 120 121
-0.402268826961517 0.0583443306386471 2.97700023651123 242 83 91
-0.393917977809906 0.0583086609840393 2.97500014305115 234 77 77
-0.385446906089783 0.0582533404231071 2.97200012207031 241 118 72
-0.376990854740143 0.0581979490816593 2.96900010108948 255 255 127
-0.3687983751297 0.0581817105412483 2.96800017356873 255 255 103
-0.361096113920212 0.0582438185811043 2.97100019454956 255 255 82
-0.353257447481155 0.0582862719893456 2.97300004959106 255 255 73
-0.344826191663742 0.0582306385040283 2.97000002861023 255 255 69
-0.336183249950409 0.0581357292830944 2.96500015258789 255 255 70
-0.328230232000351 0.05815839022398 2.96600008010864 255 255 69
-0.320162653923035 0.0581613928079605 2.96600008010864 255 255 69
-0.312304347753525 0.0582035407423973 2.96800017356873 255 255 69
-0.305049031972885 0.0583632998168468 2.9760000705719 255 255 69
-0.297250121831894 0.0584249533712864 2.97900009155273 255 255 69
-0.288463205099106 0.0582904070615768 2.97200012207031 255 255 69
-0.279996275901794 0.0582146272063255 2.96800017356873 255 255 69
-0.272008210420609 0.0582368485629559 2.96900010108948 255 255 69
-0.264280289411545 0.0583178400993347 2.97300004959106 255 255 69
-0.255581706762314 0.0581829994916916 2.96600008010864 255 255 69
-0.247003749012947 0.0580676905810833 2.96000003814697 255 255 70
-0.23910328745842 0.0581092536449432 2.96200013160706 255 255 73
-0.231191009283066 0.0581507459282875 2.96400022506714 255 255 90
-0.223492726683617 0.0582510232925415 2.96900010108948 255 255 100
-0.207732617855072 0.0583729073405266 2.97500014305115 242 104 61
-0.19955837726593 0.0583552606403828 2.9740002155304 255 83 88
-0.191324412822723 0.0583179108798504 2.97200012207031 252 72 82
-0.182853996753693 0.0582019984722137 2.96600008010864 255 82 92
-0.174651265144348 0.0581644922494888 2.96400022506714 255 82 92
-0.166571110486984 0.0581661537289619 2.96400022506714 255 80 89
-0.158757656812668 0.0582658722996712 2.96900010108948 255 87 93
-0.150713294744492 0.0582870095968246 2.97000002861023 255 80 85
-0.14256688952446 0.0582688301801682 2.96900010108948 255 84 90
-0.134380012750626 0.0582309402525425 2.96700024604797 255 76 85
-0.126246079802513 0.0582125931978226 2.96600008010864 255 77 87
-0.118077263236046 0.0581745505332947 2.96400022506714 255 82 92
-0.110104411840439 0.058234553784132 2.96700024604797 255 82 91
-0.102183498442173 0.0583337433636189 2.97200012207031 255 82 88
-0.0940449684858322 0.0583150908350945 2.97100019454956 255 83 88
-0.0857958048582077 0.0582178421318531 2.96600008010864 255 89 91
-0.0774687752127647 0.0580419972538948 2.95700025558472 255 85 87
-0.0692374557256699 0.0579053200781345 2.95000004768372 255 91 95
-0.0611270219087601 0.0578470788896084 2.94700002670288 255 90 94
-0.0532308630645275 0.0580046810209751 2.95500016212463 255 86 90
-0.0452755391597748 0.0581425800919533 2.96200013160706 255 86 91
-0.0371939390897751 0.0581429935991764 2.96200013160706 255 82 87
-0.0290630292147398 0.0580451712012291 2.95700025558472 255 81 83
-0.0210160873830318 0.0581043101847172 2.96000003814697 255 91 91
-0.0129395741969347 0.0581044815480709 2.96000003814697 255 83 83
-0.00485807983204722 0.0580456852912903 2.95700025558472 255 87 85
0.00320272194221616 0.0579082816839218 2.95000004768372 254 82 84
0.0112596387043595 0.057947464287281 2.9520001411438 255 85 89
0.0192947089672089 0.0578884221613407 2.94900012016296 255 91 99
0.0274060424417257 0.0580256059765816 2.95600008964539 240 73 82
-0.416191250085831 0.0499586388468742 2.9610002040863 238 136 129
-0.409116238355637 0.0500798746943474 2.96800017356873 249 100 97
-0.401731640100479 0.0501673296093941 2.97300004959106 253 89 86
-0.392729490995407 0.0500522404909134 2.96600008010864 253 82 91
-0.383893817663193 0.0499539710581303 2.96000003814697 255 93 98
-0.374708443880081 0.049805011600256 2.95100021362305 233 102 47
-0.359397619962692 0.0499119944870472 2.95700025558472 255 255 110
-0.351953417062759 0.0499991737306118 2.96200013160706 255 255 81
-0.343668103218079 0.0499681457877159 2.96000003814697 255 255 72
-0.335052281618118 0.0498864240944386 2.95500016212463 255 255 69
-0.327126383781433 0.049905925989151 2.95600008964539 255 255 69
-0.319409787654877 0.0499591492116451 2.95900011062622 255 255 69
-0.311360061168671 0.0499616749584675 2.95900011062622 255 255 71
-0.303206622600555 0.0499472543597221 2.95800018310547 255 255 70
-0.295057505369186 0.049932774156332 2.95700025558472 255 255 70
-0.286912739276886 0.0499182306230068 2.95600008964539 255 255 69
-0.278866678476334 0.049920529127121 2.95600008964539 255 255 69
-0.270819574594498 0.0499227643013 2.95600008964539 255 255 69
-0.262860327959061 0.0499418340623379 2.95700025558472 255 255 69
-0.254808455705643 0.0499439500272274 2.95700025558472 255 255 70
-0.246588721871376 0.049912229180336 2.95500016212463 255 255 81
-0.238378897309303 0.0498804412782192 2.95300006866455 255 255 114
-0.222215056419373 0.0498673506081104 2.9520001411438 208 92 35
-0.214607492089272 0.0499705262482166 2.95800018310547 255 97 81
-0.206966400146484 0.0500736460089684 2.96400022506714 251 83 78
-0.198553636670113 0.0499908626079559 2.95900011062622 255 75 85
-0.190102979540825 0.0498911179602146 2.95300006866455 255 79 94
-0.181684285402298 0.0497913062572479 2.94700002670288 255 79 92
-0.173827886581421 0.0498434826731682 2.95000004768372 255 88 98
-0.165842056274414 0.0498618148267269 2.95100021362305 255 82 92
-0.158277839422226 0.0500152446329594 2.96000003814697 255 77 86
-0.150207221508026 0.0500165484845638 2.96000003814697 255 81 87
-0.142135992646217 0.0500177852809429 2.96000003814697 255 79 88
-0.133701875805855 0.0498837754130363 2.9520001411438 255 79 89
-0.125566199421883 0.0498510748147964 2.95000004768372 254 74 84
-0.117480777204037 0.0498352088034153 2.94900012016296 255 78 88
-0.109548762440681 0.0498868711292744 2.9520001411438 255 83 93
-0.1015999391675 0.049938477575779 2.95500016212463 255 80 90
-0.093602679669857 0.0499731078743935 2.95700025558472 255 78 88
-0.0853337645530701 0.0498555712401867 2.95000004768372 255 79 88
-0.0772336944937706 0.0498224645853043 2.94800019264221 255 76 85
-0.0690738037228584 0.0497385896742344 2.94300007820129 255 75 84
-0.0610861107707024 0.0497729480266571 2.94500017166138 255 93 99
-0.0531412847340107 0.0498579367995262 2.95000004768372 255 80 86
-0.0451536774635315 0.0499259680509567 2.95400023460388 255 83 89
-0.0370310321450233 0.0498418137431145 2.94900012016296 255 82 88
-0.028925696387887 0.0497406907379627 2.94300007820129 252 75 80
-0.0209310837090015 0.0498254112899303 2.94800019264221 255 83 85
-0.0128828659653664 0.0498086549341679 2.94700002670288 255 92 92
-0.00483676651492715 0.0497580282390118 2.94400024414063 255 85 85
0.00319298100657761 0.0497073344886303 2.94100022315979 255 88 90
0.0112368566915393 0.0497917719185352 2.94600009918213 255 91 95
0.0192294605076313 0.0496733300387859 2.93900012969971 254 83 91
0.0272764954715967 0.0497238337993622 2.94200015068054 240 73 82
-0.413945227861404 0.0416671633720398 2.94500017166138 249 121 115
-0.40705144405365 0.0417829602956772 2.95300006866455 248 94 90
-0.399842649698257 0.0418704375624657 2.95900011062622 255 87 86
-0.391805440187454 0.0418729782104492 2.95900011062622 255 86 94
-0.382988631725311 0.0417905636131763 2.95300006866455 255 86 98
-0.374330192804337 0.041722260415554 2.94800019264221 254 84 96
-0.365697622299194 0.0416539013385773 2.94300007820129 255 96 105
-0.358184784650803 0.0417128838598728 2.94700002670288 244 96 82
-0.349935978651047 0.041686899960041 2.94500017166138 255 173 140
-0.341929048299789 0.0416891872882843 2.94500017166138 255 255 147
-0.333467334508896 0.0416347980499268 2.94100022315979 255 255 116
-0.325911492109299 0.0416936166584492 2.94500017166138 255 255 84
-0.318332672119141 0.0417524017393589 2.94900012016296 255 255 76
-0.310310065746307 0.0417545028030872 2.94900012016296 255 255 72
-0.30218380689621 0.0417424067854881 2.94800019264221 255 255 70
-0.293962061405182 0.0417160987854004 2.94600009918213 255 255 72
-0.28575012087822 0.0416897423565388 2.94400024414063 255 255 76
-0.277736693620682 0.0416916608810425 2.94400024414063 255 255 76
-0.269997030496597 0.0417360104620457 2.94700002670288 255 255 95
-0.262417823076248 0.0418086498975754 2.9520001411438 255 255 120
-0.246507123112679 0.0418404750525951 2.95400023460388 255 136 107
-0.238299965858459 0.0418138206005096 2.9520001411438 238 78 72
-0.229712828993797 0.0417162887752056 2.94500017166138 254 85 84
-0.221539258956909 0.0416895225644112 2.94300007820129 255 83 87
-0.21395617723465 0.0417760349810123 2.94900012016296 255 87 85
-0.205920577049255 0.0417775027453899 2.94900012016296 255 87 89
-0.19781705737114 0.0417647510766983 2.94800019264221 254 72 85
-0.18907442688942 0.0416102632880211 2.93700003623962 255 74 88
-0.181254118680954 0.0416540689766407 2.94000005722046 255 75 88
-0.173181056976318 0.0416411496698856 2.93900012969971 255 78 88
-0.165281340479851 0.0416706837713718 2.94100022315979 255 78 88
-0.157476976513863 0.041728500276804 2.94500017166138 255 82 91
-0.149548694491386 0.0417579263448715 2.94700002670288 255 81 90
-0.141704961657524 0.0418156422674656 2.95100021362305 255 79 89
-0.133159399032593 0.0416607446968555 2.94000005722046 255 87 97
-0.124971278011799 0.0416049882769585 2.93600010871887 255 80 90
-0.116923972964287 0.0415916778147221 2.93500018119812 255 77 87
-0.108992956578732 0.0416208244860172 2.93700003623962 255 76 86
-0.101119391620159 0.0416782647371292 2.94100022315979 255 79 89
-0.0930652841925621 0.0416647866368294 2.94000005722046 255 78 88
-0.0851608738303185 0.0417221151292324 2.94400024414063 253 73 83
-0.0770247131586075 0.041666004806757 2.94000005722046 254 74 83
-0.0689804628491402 0.0416523590683937 2.93900012969971 255 78 87
-0.0609621405601501 0.041652824729681 2.93900012969971 255 80 86
-0.0529975928366184 0.0416957475244999 2.94200015068054 254 77 82
-0.0449400283396244 0.0416677556931973 2.94000005722046 255 85 90
-0.0368806421756744 0.0416255369782448 2.93700003623962 255 80 86
-0.0288178101181984 0.0415549054741859 2.93200016021729 255 79 84
-0.0208318457007408 0.0415834337472916 2.93400025367737 251 74 79
-0.0128042800351977 0.0415126904845238 2.92900013923645 255 93 98
-0.0048121614381671 0.0415127538144588 2.92900013923645 255 84 86
0.00317997764796019 0.0415127575397491 2.92900013923645 255 82 86
0.0112064313143492 0.0416402593255043 2.93800020217896 255 85 91
0.019183810800314 0.0415551140904427 2.93200016021729 254 83 91
0.0271839983761311 0.0415549501776695 2.93200016021729 241 82 90
-0.412823110818863 0.0335540920495987 2.93700003623962 254 114 109
-0.405124008655548 0.0335790440440178 2.93900012969971 251 94 91
-0.398223370313644 0.0336725190281868 2.94700002670288 255 99 96
-0.390086352825165 0.0336631387472153 2.94600009918213 255 90 89
-0.381823688745499 0.0336422994732857 2.94400024414063 248 83 84
-0.373189568519592 0.0335871316492558 2.93900012969971 255 87 99
-0.364829927682877 0.0335547886788845 2.93600010871887 249 80 89
-0.356606841087341 0.0335338339209557 2.93400025367737 255 92 96
-0.348155677318573 0.0334899835288525 2.9300000667572 255 96 93
-0.340073376893997 0.0334803909063339 2.92900013923645 231 98 61
-0.324696093797684 0.0335411131381989 2.93400025367737 255 255 117
-0.317147195339203 0.033588569611311 2.93800020217896 255 255 87
-0.309049218893051 0.0335788317024708 2.93700003623962 255 255 79
-0.300955593585968 0.0335690565407276 2.93600010871887 255 255 79
-0.292566895484924 0.0335249416530132 2.93200016021729 255 255 79
-0.28419890999794 0.0334807820618153 2.9280002117157 255 255 101
-0.276511967182159 0.0335166305303574 2.93100023269653 255 255 108
-0.261886090040207 0.0336911380290985 2.94600009918213 209 89 40
-0.25412255525589 0.0337268747389317 2.94900012016296 248 83 82
-0.245841041207314 0.0336939580738544 2.94600009918213 251 80 88
-0.237574949860573 0.0336609967052937 2.94300007820129 255 84 92
-0.22893425822258 0.0335707999765873 2.93500018119812 255 86 94
-0.220562055706978 0.0335148647427559 2.9300000667572 255 79 89
-0.21272411942482 0.0335389636456966 2.93200016021729 255 86 96
-0.204664975404739 0.0335287041962147 2.93100023269653 253 73 82
-0.196811750531197 0.0335527136921883 2.93300008773804 255 79 89
-0.188431859016418 0.0334851667284966 2.92700004577637 255 80 90
-0.180823728442192 0.0335548594594002 2.93300008773804 255 78 91
-0.172651827335358 0.033521544188261 2.9300000667572 255 76 89
-0.164664179086685 0.0335225015878677 2.9300000667572 255 86 96
-0.156622424721718 0.0335119813680649 2.92900013923645 255 80 90
-0.148737728595734 0.0335357412695885 2.93100023269653 255 80 90
-0.141033589839935 0.0336052216589451 2.93700003623962 255 91 101
-0.132616743445396 0.0335030257701874 2.9280002117157 255 81 91
-0.124759264290333 0.0335380956530571 2.93100023269653 255 79 89
-0.116725534200668 0.033527348190546 2.9300000667572 255 84 94
-0.108771003782749 0.0335394404828548 2.93100023269653 255 84 94
-0.100535519421101 0.0334599427878857 2.92400002479553 255 83 93
-0.0924960970878601 0.033437617123127 2.92200016975403 255 80 90
-0.084553949534893 0.0334495715796947 2.92300009727478 255 76 86
-0.0766846239566803 0.0334958136081696 2.92700004577637 255 84 94
-0.0686757862567902 0.0334847904741764 2.92600011825562 255 83 89
-0.0607551038265228 0.0335194990038872 2.92900013923645 255 86 91
-0.0527997873723507 0.0335427187383175 2.93100023269653 255 85 87
-0.0448027513921261 0.0335430055856705 2.93100023269653 255 92 94
-0.0367301926016808 0.0334745720028877 2.92500019073486 255 90 96
-0.0286902226507664 0.0334060974419117 2.91900014877319 255 81 86
-0.0207325778901577 0.0334176830947399 2.92000007629395 255 79 85
-0.012760647572577 0.0334063395857811 2.91900014877319 255 85 90
-0.00480069126933813 0.0334407202899456 2.92200016975403 255 86 91
0.00317022716626525 0.0334178395569324 2.92000007629395 255 82 88
0.011145475320518 0.0334406867623329 2.92200016975403 255 85 91
0.0191054195165634 0.033417709171772 2.92000007629395 255 86 94
0.0270821861922741 0.0334290191531181 2.92100024223328 255 125 133
-0.410997658967972 0.025440976023674 2.92400002479553 242 90 86
-0.402920335531235 0.0254338681697845 2.92300009727478 255 105 99
-0.395792931318283 0.0254876483231783 2.92900013923645 255 99 96
-0.387572288513184 0.0254717897623777 2.92700004577637 255 101 98
-0.38000962138176 0.0254994221031666 2.9300000667572 255 91 90
-0.371794551610947 0.0254835151135921 2.9280002117157 255 101 100
-0.363713264465332 0.0254762843251228 2.92700004577637 255 97 96
-0.355393022298813 0.0254516191780567 2.92400002479553 255 99 96
-0.346850216388702 0.0254095140844584 2.91900014877319 255 99 93
-0.339029997587204 0.0254196114838123 2.92000007629395 254 95 84
-0.33108976483345 0.0254209786653519 2.92000007629395 255 98 87
-0.323369652032852 0.0254397299140692 2.92200016975403 239 88 78
-0.315853327512741 0.0254758708178997 2.92600011825562 255 145 122
-0.308208912611008 0.0255032815039158 2.92900013923645 255 255 139
-0.300239473581314 0.0255045387893915 2.92900013923645 255 255 152
-0.282938450574875 0.0253850575536489 2.91500020027161 246 102 85
-0.275098204612732 0.0253949332982302 2.91600012779236 238 81 78
-0.26770955324173 0.0254483241587877 2.92200016975403 254 89 96
-0.260376125574112 0.0255104042589664 2.92900013923645 255 94 103
-0.252745032310486 0.0255463253706694 2.93300008773804 252 78 88
-0.244423627853394 0.0255125425755978 2.92900013923645 255 83 95
-0.236365243792534 0.0255048517137766 2.9280002117157 255 84 94
-0.227999344468117 0.0254622865468264 2.92300009727478 255 83 93
-0.219659820199013 0.0254196897149086 2.91800022125244 255 78 88
-0.211854547262192 0.0254380349069834 2.92000007629395 255 79 88
-0.203967720270157 0.0254476424306631 2.92100024223328 255 82 91
-0.196477249264717 0.0255094915628433 2.9280002117157 255 84 93
-0.187853410840034 0.0254231952130795 2.91800022125244 255 84 94
-0.180269747972488 0.0254762656986713 2.92400002479553 255 75 85
-0.172004520893097 0.0254334677010775 2.91900014877319 255 75 85
-0.164159253239632 0.0254516266286373 2.92100024223328 250 70 80
-0.155874580144882 0.0254000369459391 2.91500020027161 255 81 91
-0.148078769445419 0.0254268422722816 2.91800022125244 255 86 96
-0.140265986323357 0.0254536140710115 2.92100024223328 255 76 86
-0.132028609514236 0.0254019275307655 2.91500020027161 255 77 86
-0.124163962900639 0.0254199132323265 2.91700005531311 251 71 81
-0.116128548979759 0.0254030134528875 2.91500020027161 255 81 91
-0.10802935808897 0.0253686495125294 2.91100025177002 255 85 94
-0.0998139977455139 0.0252993889153004 2.90300011634827 255 85 95
-0.0917684957385063 0.0252649504691362 2.89900016784668 255 84 94
-0.0840626209974289 0.0253263432532549 2.9060001373291 255 76 86
-0.0762658342719078 0.0253702718764544 2.91100025177002 255 82 91
-0.0684414356946945 0.0254141688346863 2.91600012779236 255 79 85
-0.0605479851365089 0.0254405997693539 2.91900014877319 255 84 89
-0.0525658689439297 0.0254321377724409 2.91800022125244 255 87 89
-0.04455840960145 0.0254062060266733 2.91500020027161 255 83 85
-0.0365169085562229 0.0253453757613897 2.90800023078918 253 76 82
-0.0284937936812639 0.0252670757472515 2.89900016784668 255 80 86
-0.0206261817365885 0.0253194812685251 2.90500020980835 255 78 84
-0.0127082532271743 0.0253369864076376 2.90700006484985 255 82 87
-0.00478264363482594 0.0253718886524439 2.91100025177002 255 78 84
0.00315287220291793 0.0253108814358711 2.90400004386902 255 84 90
0.0110730594024062 0.0253021325916052 2.90300011634827 255 75 84
0.0190073736011982 0.0253194980323315 2.90500020980835 247 73 83
0.0269710645079613 0.0253542587161064 2.90900015830994 255 167 173
-0.417074620723724 0.0173974875360727 2.91100025177002 231 137 128
-0.409733980894089 0.0174224991351366 2.91500020027161 255 102 96
-0.401405304670334 0.0174056570976973 2.91200017929077 255 98 92
-0.394037544727325 0.017430642619729 2.91600012779236 255 97 94
-0.385190188884735 0.0173898544162512 2.90900015830994 251 92 89
-0.378324836492538 0.0174387190490961 2.91700005531311 255 100 97
-0.370018094778061 0.0174218118190765 2.91400003433228 255 98 95
-0.362720429897308 0.0174527149647474 2.91900014877319 255 100 97
-0.35442191362381 0.0174357686191797 2.91600012779236 255 106 100
-0.346138477325439 0.0174188036471605 2.91300010681152 255 106 100
-0.33798623085022 0.0174077972769737 2.91100025177002 255 102 95
-0.330297201871872 0.017420694231987 2.91300010681152 255 104 101
-0.322485387325287 0.0174275916069746 2.91400003433228 254 97 94
-0.314774960279465 0.0174404550343752 2.91600012779236 255 105 97
-0.307157725095749 0.0174592789262533 2.91900014877319 243 112 82
-0.299317985773087 0.0174661222845316 2.92000007629395 228 94 64
-0.290773153305054 0.0174310747534037 2.91400003433228 240 93 76
-0.282065868377686 0.0173840411007404 2.9060001373291 255 96 94
-0.274250090122223 0.0173908211290836 2.90700006484985 253 87 92
-0.266885936260223 0.0174274984747171 2.91300010681152 255 91 100
-0.259399205446243 0.017458176240325 2.91800022125244 255 90 98
-0.251453340053558 0.0174589157104492 2.91800022125244 255 90 98
-0.24308930337429 0.0174297206103802 2.91300010681152 255 87 95
-0.234912991523743 0.0174124669283628 2.91000008583069 255 91 101
-0.226362138986588 0.0173652712255716 2.90200018882751 255 79 89
-0.218079760670662 0.0173360034823418 2.8970000743866 252 76 86
-0.210331708192825 0.0173486042767763 2.89900016784668 255 78 87
-0.202781349420547 0.0173791348934174 2.90400004386902 255 86 95
-0.195404291152954 0.0174276027828455 2.91200017929077 255 86 95
-0.18727470934391 0.0174102168530226 2.90900015830994 255 84 93
-0.17946894466877 0.0174227319657803 2.91100025177002 255 82 92
-0.171239092946053 0.0173933282494545 2.9060001373291 255 81 94
-0.163204431533813 0.0173818543553352 2.90400004386902 255 78 88
-0.15512652695179 0.0173643734306097 2.90100002288818 255 88 98
-0.147165864706039 0.0173588432371616 2.90000009536743 255 85 95
-0.139402136206627 0.0173772294074297 2.90300011634827 255 82 91
-0.131394997239113 0.0173656661063433 2.90100002288818 255 77 86
-0.123738765716553 0.0174019671976566 2.90700006484985 255 80 90
-0.115770429372787 0.0173963401466608 2.9060001373291 255 81 91
-0.107695750892162 0.0173727329820395 2.90200018882751 255 83 93
-0.0994017645716667 0.0173071958124638 2.89100003242493 254 74 84
-0.0914206206798553 0.0172895267605782 2.88800024986267 255 79 92
-0.0836290270090103 0.0173077508807182 2.89100003242493 255 80 93
-0.0759255290031433 0.0173499006778002 2.89800024032593 255 77 86
-0.0680896192789078 0.0173680782318115 2.90100002288818 254 77 83
-0.0602578222751617 0.017392223700881 2.90500020980835 255 87 93
-0.0522598177194595 0.0173684451729059 2.90100002288818 255 89 93
-0.0442834235727787 0.017344644293189 2.8970000743866 255 87 93
-0.0363286808133125 0.0173208191990852 2.89300012588501 255 79 88
-0.0283857826143503 0.0172909814864397 2.88800024986267 255 83 85
-0.0205410532653332 0.017320990562439 2.89300012588501 255 89 98
-0.0126689560711384 0.0173509791493416 2.89800024032593 255 85 91
-0.00476294662803411 0.0173569917678833 2.89900016784668 255 81 86
0.00313876988366246 0.017309095710516 2.89100003242493 255 85 91
0.0110044442117214 0.0172731522470713 2.88500022888184 255 85 95
0.0189223848283291 0.0173150151968002 2.89200019836426 255 86 96
-0.414496511220932 0.00941010005772114 2.89300012588501 239 117 104
-0.407345324754715 0.00942696258425713 2.89800024032593 254 112 97
-0.399614185094833 0.00943080615252256 2.89900016784668 255 110 99
-0.39228168129921 0.00944440066814423 2.90300011634827 255 105 97
-0.383602023124695 0.00942545384168625 2.8970000743866 255 107 101
-0.376120835542679 0.00943577848374844 2.90000009536743 253 102 94
-0.367987185716629 0.00942982546985149 2.89800024032593 255 105 95
-0.360981494188309 0.00945315044373274 2.90500020980835 255 106 96
-0.353328764438629 0.0094601958990097 2.90700006484985 250 99 91
-0.345545083284378 0.00946397893130779 2.90800023078918 255 107 99
-0.337290316820145 0.00945473369210958 2.90500020980835 255 102 95
-0.329390794038773 0.00945524219423532 2.90500020980835 255 106 100
-0.321268796920776 0.00944923143833876 2.90300011634827 255 102 98
-0.313264399766922 0.009446463547647 2.90200018882751 255 104 100
-0.305895626544952 0.00946321710944176 2.90700006484985 255 103 99
-0.298191070556641 0.00947019550949335 2.90900015830994 255 102 96
-0.290175139904022 0.00946739781647921 2.90800023078918 255 99 100
-0.281387060880661 0.00943854171782732 2.89900016784668 255 94 95
-0.273495972156525 0.00943897571414709 2.89900016784668 254 86 91
-0.265145778656006 0.00942311901599169 2.89400005340576 254 87 95
-0.257355153560638 0.00942678656429052 2.89500021934509 255 94 99
-0.249558091163635 0.00943044386804104 2.89600014686584 255 89 94
-0.241921573877335 0.00944060366600752 2.89900016784668 255 88 92
-0.233702644705772 0.00942795537412167 2.89500021934509 255 86 92
-0.225348606705666 0.00940878037363291 2.88900017738342 255 86 94
-0.216951102018356 0.00938633643090725 2.882000207901 255 82 88
-0.209316432476044 0.00939644873142242 2.88500022888184 254 81 87
-0.201385259628296 0.00939352158457041 2.8840000629425 255 87 93
-0.194062680006027 0.00941989850252867 2.89200019836426 255 86 94
-0.186116307973862 0.00941694714128971 2.89100003242493 255 79 88
-0.178421273827553 0.0094270147383213 2.89400005340576 254 74 84
-0.170296683907509 0.00941426772624254 2.89000010490417 255 79 89
-0.162305623292923 0.00940802320837975 2.88800024986267 255 82 92
-0.154217854142189 0.00939525011926889 2.8840000629425 255 77 87
-0.14630351960659 0.00939223729074001 2.88300013542175 255 78 87
-0.138586133718491 0.00940224435180426 2.88600015640259 255 77 86
-0.130761191248894 0.00940572191029787 2.88700008392334 255 79 88
-0.12288773804903 0.00940592959523201 2.88700008392334 255 79 88
-0.11489425599575 0.00939635094255209 2.8840000629425 255 84 94
-0.107065126299858 0.00939979217946529 2.88500022888184 255 84 97
-0.0990925505757332 0.00939018651843071 2.882000207901 255 76 89
-0.0912309065461159 0.00939034298062325 2.882000207901 255 81 94
-0.0833399444818497 0.00938722863793373 2.88100004196167 255 80 93
-0.0755589082837105 0.00939713511615992 2.8840000629425 255 81 91
-0.0678081288933754 0.00941354595124722 2.88900017738342 255 81 91
-0.0599260702729225 0.00941365119069815 2.88900017738342 255 91 101
-0.0519717112183571 0.00940071046352386 2.88500022888184 255 80 90
-0.0439778082072735 0.00937472190707922 2.87700009346008 255 79 89
-0.0361906327307224 0.00939108058810234 2.882000207901 255 78 88
-0.0283367037773132 0.00939439330250025 2.88300013542175 255 82 91
-0.0205269027501345 0.00942050106823444 2.89100003242493 255 84 90
-0.0126383835449815 0.00942052993923426 2.89100003242493 255 81 86
-0.0047432417050004 0.00940751004964113 2.88700008392334 255 78 84
0.00312466314062476 0.00937818363308907 2.87800002098084 251 73 82
0.0109586957842112 0.00936187896877527 2.8730001449585 255 76 86
0.018837371841073 0.00938140600919724 2.87900018692017 244 73 82
-0.421765565872192 0.00152804201934487 2.88900017738342 230 129 117
-0.413493931293488 0.00152655353303999 2.88600015640259 255 126 100
-0.406502306461334 0.00152982457075268 2.89200019836426 255 122 104
-0.398236066102982 0.00152833329048008 2.88900017738342 255 118 103
-0.390795558691025 0.0015300145605579 2.89200019836426 255 113 101
-0.382013380527496 0.00152640417218208 2.88500022888184 255 116 104
-0.374824166297913 0.00152914086356759 2.89000010490417 255 111 99
-0.366336792707443 0.00152658531442285 2.88500022888184 255 110 98
-0.359117895364761 0.00152931944467127 2.89000010490417 255 115 103
-0.351627439260483 0.00153099384624511 2.89300012588501 255 108 98
-0.343644171953201 0.00153055018745363 2.89200019836426 255 106 98
-0.335316807031631 0.00152851722668856 2.88800024986267 252 101 93
-0.327236711978912 0.00152754061855376 2.88600015640259 250 98 92
-0.319166362285614 0.00152656249701977 2.8840000629425 255 101 97
-0.311321616172791 0.00152664142660797 2.8840000629425 255 103 99
-0.303896635770798 0.00152883608825505 2.88800024986267 255 106 102
-0.296448737382889 0.00153102912008762 2.89200019836426 255 104 102
-0.288479030132294 0.00153057358693331 2.89100003242493 255 107 108
-0.280222535133362 0.00152852793689817 2.88700008392334 255 98 101
-0.272552818059921 0.00152965739835054 2.88900017738342 248 86 89
-0.26422980427742 0.0015270784497261 2.8840000629425 255 100 104
-0.256555318832397 0.00152820418588817 2.88600015640259 255 96 100
-0.248438075184822 0.0015266805421561 2.88300013542175 255 94 95
-0.240753471851349 0.00152780266944319 2.88500022888184 254 90 89
-0.232814863324165 0.0015273344470188 2.8840000629425 255 104 103
-0.224958792328835 0.00152739370241761 2.8840000629425 254 89 88
-0.21672548353672 0.00152480299584568 2.87900018692017 255 95 94
-0.208518534898758 0.00152221019379795 2.87400007247925 255 92 93
-0.200407847762108 0.00152014510240406 2.87000012397766 255 92 97
-0.192787885665894 0.00152178562711924 2.8730001449585 255 89 95
-0.185086473822594 0.00152289471589029 2.87500023841858 248 77 83
-0.177373364567757 0.00152400170918554 2.87700009346008 250 77 83
-0.169354021549225 0.00152245839126408 2.87400007247925 255 83 91
-0.161406576633453 0.00152144266758114 2.87200021743774 251 76 84
-0.15357631444931 0.00152148434426636 2.87200021743774 255 86 92
-0.145694687962532 0.00152099423576146 2.87100005149841 255 81 91
-0.138154059648514 0.00152421044185758 2.87700009346008 255 87 97
-0.130308374762535 0.0015242462977767 2.87700009346008 255 89 97
-0.122589893639088 0.00152586959302425 2.88000011444092 255 85 93
-0.114495977759361 0.00152272218838334 2.87400007247925 255 77 87
-0.10676833987236 0.00152434140909463 2.87700009346008 255 84 94
-0.0989207178354263 0.00152436865027994 2.87700009346008 250 70 80
-0.0911043733358383 0.00152492406778038 2.87800002098084 255 78 88
-0.0832532420754433 0.00152494735084474 2.87800002098084 255 80 94
-0.0754279866814613 0.00152549857739359 2.87900018692017 255 88 98
-0.0675734877586365 0.00152551790233701 2.87900018692017 255 84 94
-0.0595320165157318 0.00152076606173068 2.87000012397766 255 83 93
-0.0516474992036819 0.00151919131167233 2.86700010299683 255 83 93
-0.043748565018177 0.00151655485387892 2.86200022697449 255 84 92
-0.0360148623585701 0.0015197447501123 2.86800003051758 255 84 92
-0.0281991269439459 0.00152028363663703 2.86900019645691 255 85 93
-0.020427517592907 0.00152452930342406 2.87700009346008 255 83 92
-0.0125903086736798 0.00152612349484116 2.88000011444092 255 82 88
-0.00472188787534833 0.00152294640429318 2.87400007247925 255 75 85
0.00311272335238755 0.00151923729572445 2.86700010299683 255 81 91
0.0109167490154505 0.00151658582035452 2.86200022697449 255 82 92
0.0187915880233049 0.0015218808548525 2.87200021743774 249 82 91
-0.428713589906693 -0.00632682535797358 2.88300013542175 208 127 114
-0.42001348733902 -0.00631406903266907 2.87700009346008 247 126 113
-0.412061005830765 -0.00631228135898709 2.87600016593933 255 123 105
-0.404534250497818 -0.00631707208231092 2.87800002098084 255 127 109
-0.396306097507477 -0.00631088251248002 2.87500023841858 255 130 112
-0.388768464326859 -0.00631566205993295 2.87700009346008 255 126 108
-0.380689114332199 -0.00631165551021695 2.87500023841858 255 121 103
-0.372878581285477 -0.00631203316152096 2.87500023841858 255 123 105
-0.365066826343536 -0.00631240382790565 2.87500023841858 255 120 102
-0.357253849506378 -0.00631277030333877 2.87500023841858 255 122 104
-0.349196434020996 -0.00630873627960682 2.8730001449585 255 113 98
-0.34126752614975 -0.00630689319223166 2.87200021743774 255 119 104
-0.33357509970665 -0.00630943523719907 2.8730001449585 255 106 98
-0.325195610523224 -0.00629879254847765 2.86800003051758 255 106 98
-0.317616909742355 -0.00630351761355996 2.87000012397766 255 108 102
-0.309270471334457 -0.00629286048933864 2.86500024795532 253 101 97
-0.302107632160187 -0.00630635861307383 2.87100005149841 255 104 100
-0.29439851641655 -0.00630886713042855 2.87200021743774 255 108 104
-0.287181705236435 -0.00632235128432512 2.87800002098084 252 95 93
-0.2789606153965 -0.0063138622790575 2.87400007247925 254 94 95
-0.271137535572052 -0.00631415285170078 2.87400007247925 255 99 102
-0.262397348880768 -0.006292465608567 2.86400008201599 255 101 104
-0.254866182804108 -0.00629933178424835 2.86700010299683 255 104 105
-0.246800661087036 -0.00629300670698285 2.86400008201599 255 101 99
-0.239501625299454 -0.00630645127967 2.87000012397766 255 101 98
-0.231846049427986 -0.00631109904497862 2.87200021743774 255 99 96
-0.224490702152252 -0.00632453011348844 2.87800002098084 255 108 105
-0.216273695230484 -0.00631377939134836 2.8730001449585 255 102 99
-0.208228260278702 -0.0063074161298573 2.87000012397766 255 94 93
-0.19977930188179 -0.00628785789012909 2.86100006103516 255 91 95
-0.19238518178463 -0.00630125822499394 2.86700010299683 255 91 96
-0.184313848614693 -0.00629267143085599 2.86300015449524 255 96 97
-0.176571801304817 -0.0062950667925179 2.86400008201599 255 93 97
-0.168411120772362 -0.00628206692636013 2.85800004005432 255 100 98
-0.160788297653198 -0.00628884183242917 2.86100006103516 255 86 98
-0.153041511774063 -0.00629121297970414 2.86200022697449 255 87 100
-0.145237907767296 -0.00629137689247727 2.86200022697449 255 86 94
-0.137577772140503 -0.00629812758415937 2.86500024795532 255 86 94
-0.129810124635696 -0.00630047405138612 2.86600017547607 255 84 90
-0.12199392169714 -0.00630061281844974 2.86600017547607 255 85 91
-0.113818675279617 -0.00628095725551248 2.85700011253357 255 92 102
-0.105951838195324 -0.00627668248489499 2.85500001907349 255 92 102
-0.0984049364924431 -0.00629218621179461 2.86200022697449 255 79 89
-0.0906611531972885 -0.00629668775945902 2.86400008201599 255 85 95
-0.0829928740859032 -0.00630777794867754 2.86900019645691 255 80 90
-0.0751135647296906 -0.00630346825346351 2.86700010299683 255 83 93
-0.0673387497663498 -0.00630794558674097 2.86900019645691 255 84 94
-0.0593038238584995 -0.00628602923825383 2.85900020599365 255 96 102
-0.0514493174850941 -0.00627949507907033 2.85600018501282 255 89 97
-0.043565109372139 -0.00626635551452637 2.85000014305115 255 84 92
-0.035813931375742 -0.00627079792320728 2.85200023651123 255 86 92
-0.0280418563634157 -0.00627303263172507 2.85300016403198 255 88 94
-0.0203139074146748 -0.0062906495295465 2.86100006103516 255 89 97
-0.0125247286632657 -0.00629946310073137 2.86500024795532 255 88 94
-0.00469888420775533 -0.00628847815096378 2.8600001335144 251 80 88
0.00310077890753746 -0.00627968413755298 2.85600018501282 255 84 94
0.0108824148774147 -0.00627308059483767 2.85300016403198 251 84 93
0.0187065210193396 -0.00628625648096204 2.85900020599365 255 104 112
-0.424549221992493 -0.0140406955033541 2.85500001907349 241 142 131
-0.418114989995956 -0.0140858758240938 2.86400008201599 251 127 113
-0.410627663135529 -0.0140966204926372 2.86600017547607 255 128 110
-0.402987450361252 -0.0141024328768253 2.86700010299683 255 126 106
-0.39520263671875 -0.0141033157706261 2.86700010299683 255 127 107
-0.38701120018959 -0.0140894269570708 2.86400008201599 255 122 102
-0.379364341497421 -0.0140952039510012 2.86500024795532 255 123 104
-0.371970057487488 -0.0141108054667711 2.86800003051758 255 129 111
-0.364939272403717 -0.0141411600634456 2.87400007247925 255 123 104
-0.356134921312332 -0.0141026126220822 2.86600017547607 254 117 99
-0.347615778446198 -0.0140738878399134 2.8600001335144 255 125 107
-0.338890433311462 -0.0140353040769696 2.85200023651123 255 119 101
-0.33171683549881 -0.0140606807544827 2.85700011253357 254 115 97
-0.32360765337944 -0.0140466718003154 2.85400009155273 255 114 99
-0.316288352012634 -0.014067099429667 2.85800004005432 255 119 104
-0.308298408985138 -0.0140579808503389 2.85600018501282 254 109 97
-0.300633937120438 -0.0140636134892702 2.85700011253357 255 109 97
-0.293065398931503 -0.0140741551294923 2.85900020599365 255 113 105
-0.285784244537354 -0.0140994498506188 2.86400008201599 254 103 95
-0.277989506721497 -0.0141001138836145 2.86400008201599 251 98 98
-0.27038237452507 -0.0141106089577079 2.86600017547607 252 100 96
-0.262305289506912 -0.0140964724123478 2.86300015449524 255 106 102
-0.254599034786224 -0.0141020100563765 2.86400008201599 254 102 98
-0.246110871434212 -0.0140632186084986 2.85600018501282 255 105 99
-0.238583266735077 -0.0140785714611411 2.85900020599365 255 103 97
-0.23103840649128 -0.0140939094126225 2.86200022697449 255 104 96
-0.22355429828167 -0.014114155434072 2.86600017547607 255 104 96
-0.215595826506615 -0.0141048366203904 2.86400008201599 255 109 103
-0.207502335309982 -0.0140856495127082 2.8600001335144 255 105 101
-0.199429839849472 -0.0140664428472519 2.85600018501282 255 99 96
-0.191646710038185 -0.0140669196844101 2.85600018501282 255 104 101
-0.183605372905731 -0.014047677628696 2.85200023651123 247 88 85
-0.175893306732178 -0.0140530411154032 2.85300016403198 255 103 100
-0.167821556329727 -0.0140288341790438 2.84800004959106 255 105 102
-0.160113617777824 -0.0140341622754931 2.8490002155304 255 102 96
-0.152506500482559 -0.014049326069653 2.85200023651123 255 95 94
-0.144882410764694 -0.0140644712373614 2.85500001907349 255 94 98
-0.137145340442657 -0.0140697471797466 2.85600018501282 255 95 99
-0.129175782203674 -0.0140503710135818 2.85200023651123 255 92 96
-0.121440343558788 -0.0140556069090962 2.85300016403198 255 89 93
-0.113539606332779 -0.0140411183238029 2.85000014305115 255 91 96
-0.10572899132967 -0.0140364645048976 2.8490002155304 255 96 101
-0.0980609357357025 -0.0140514997765422 2.85200023651123 254 86 91
-0.0902178213000298 -0.014041880145669 2.85000014305115 252 79 87
-0.0825877338647842 -0.0140667296946049 2.85500001907349 255 86 94
-0.074772834777832 -0.014062000438571 2.85400009155273 250 77 83
-0.066986545920372 -0.014062175527215 2.85400009155273 255 87 95
-0.0590548031032085 -0.014027844183147 2.84700012207031 253 82 88
-0.0512330494821072 -0.0140132000669837 2.84400010108948 255 89 97
-0.0434580296278 -0.014008391648531 2.84300017356873 255 85 93
-0.0356757342815399 -0.0139986369758844 2.84100008010864 255 91 96
-0.0279041957110167 -0.0139888608828187 2.83900022506714 255 88 92
-0.020207367837429 -0.0140234148129821 2.84600019454956 255 92 97
-0.0124635025858879 -0.0140480911359191 2.8510000705719 255 91 95
-0.00468080351129174 -0.0140382591634989 2.8490002155304 255 95 99
0.00308883073739707 -0.0140185495838523 2.84500002861023 255 99 111
0.0108366226777434 -0.0139988232403994 2.84100008010864 255 96 105
0.0186214260756969 -0.0140234222635627 2.84600019454956 255 156 162
-0.423358410596848 -0.0217548310756683 2.84700012207031 255 153 127
-0.41621595621109 -0.0217868164181709 2.8510000705719 255 136 113
-0.408907145261765 -0.021811144426465 2.85400009155273 255 133 109
-0.400737375020981 -0.0217896029353142 2.8510000705719 255 139 115
-0.3928582072258 -0.021783322095871 2.85000014305115 255 126 104
-0.38457778096199 -0.0217540916055441 2.84600019454956 254 125 103
-0.377377063035965 -0.0217859875410795 2.85000014305115 255 127 107
-0.37002357840538 -0.0218102242797613 2.85300016403198 255 131 111
-0.363160520792007 -0.0218650251626968 2.8600001335144 255 125 103
-0.354518443346024 -0.0218127686530352 2.85300016403198 255 132 112
-0.346277832984924 -0.0217834264039993 2.8490002155304 255 125 107
-0.337701231241226 -0.0217311177402735 2.84200024604797 255 123 104
-0.330670863389969 -0.0217781867831945 2.84800004959106 255 125 107
-0.322926372289658 -0.0217793565243483 2.84800004959106 255 124 106
-0.315844744443893 -0.0218263920396566 2.85400009155273 255 126 108
-0.307649821043015 -0.0217969249933958 2.85000014305115 255 119 101
-0.300001680850983 -0.0218056738376617 2.8510000705719 254 115 97
-0.292346984148026 -0.021814402192831 2.85200023651123 255 121 106
-0.284585982561111 -0.0218154564499855 2.85200023651123 255 112 100
-0.276532709598541 -0.0217935349792242 2.8490002155304 253 106 94
-0.268589079380035 -0.0217792373150587 2.84700012207031 255 109 101
-0.260746955871582 -0.021772563457489 2.84600019454956 255 113 105
-0.252998143434525 -0.0217735152691603 2.84600019454956 255 111 100
-0.244903698563576 -0.0217438358813524 2.84200024604797 255 109 98
-0.237497717142105 -0.0217753387987614 2.84600019454956 255 114 102
-0.230149671435356 -0.0218144673854113 2.8510000705719 255 116 104
-0.222539559006691 -0.0218306202441454 2.85300016403198 255 112 100
-0.21469184756279 -0.0218237899243832 2.85200023651123 250 101 91
-0.206848710775375 -0.0218169298022985 2.8510000705719 255 108 100
-0.198591277003288 -0.0217641275376081 2.84400010108948 255 106 102
-0.190438255667686 -0.0217189472168684 2.83800005912781 255 102 100
-0.182445973157883 -0.0216890424489975 2.83400011062622 251 97 100
-0.175214603543282 -0.0217509493231773 2.84200024604797 255 104 102
-0.167290717363358 -0.021728640422225 2.83900022506714 253 102 94
-0.159382522106171 -0.0217063035815954 2.8360002040863 255 108 98
-0.151490032672882 -0.0216839369386435 2.83300018310547 255 107 99
-0.143968522548676 -0.0217151194810867 2.83700013160706 255 103 97
-0.136424601078033 -0.0217462722212076 2.84100008010864 255 102 98
-0.128631845116615 -0.0217391289770603 2.84000015258789 255 103 99
-0.120673783123493 -0.0217013359069824 2.83500003814697 253 99 95
-0.112782321870327 -0.0216711666435003 2.83100008964539 255 103 100
-0.104949325323105 -0.021648621186614 2.82800006866455 255 99 96
-0.0974417179822922 -0.0216949433088303 2.83400011062622 249 88 85
-0.0897426903247833 -0.0217029601335526 2.83500003814697 255 101 98
-0.0820667818188667 -0.0217186063528061 2.83700013160706 255 96 93
-0.0742486119270325 -0.0216959416866302 2.83400011062622 255 96 93
-0.0665873363614082 -0.0217191837728024 2.83700013160706 255 98 97
-0.0588679239153862 -0.0217270813882351 2.83800005912781 255 93 97
-0.0511788427829742 -0.0217502620071173 2.84100008010864 249 81 93
-0.0433661751449108 -0.0217198226600885 2.83700013160706 255 88 97
-0.035537488758564 -0.0216663870960474 2.83000016212463 255 90 98
-0.0277959927916527 -0.0216511972248554 2.82800006866455 255 91 95
-0.0201078969985247 -0.0216819141060114 2.83200001716614 255 98 102
-0.0124022606760263 -0.0217202566564083 2.83700013160706 255 101 98
-0.00465942965820432 -0.0217126365751028 2.8360002040863 255 96 93
0.00307687814347446 -0.0216973256319761 2.83400011062622 255 94 89
0.0108060734346509 -0.0216896440833807 2.83300018310547 255 109 101
-0.422018378973007 -0.0294149480760098 2.83800005912781 247 136 108
-0.414462476968765 -0.0294272340834141 2.83900022506714 255 144 119
-0.406899690628052 -0.0294394921511412 2.84000015258789 255 140 113
-0.398767948150635 -0.0294102597981691 2.83700013160706 255 138 111
-0.390788912773132 -0.0293913651257753 2.83500003814697 255 133 106
-0.383360028266907 -0.0294139143079519 2.83700013160706 255 133 109
-0.376316249370575 -0.0294675435870886 2.84200024604797 255 131 109
-0.368984490633011 -0.0295004099607468 2.84500002861023 255 130 107
-0.361254304647446 -0.0295021440833807 2.84500002861023 251 125 101
-0.353025794029236 -0.0294623672962189 2.84100008010864 253 127 104
-0.345182478427887 -0.0294536724686623 2.84000015258789 255 131 108
-0.337224513292313 -0.029434572905302 2.83800005912781 255 135 111
-0.329392343759537 -0.0294258147478104 2.83700013160706 255 131 107
-0.321904540061951 -0.029448140412569 2.83900022506714 255 130 108
-0.314404726028442 -0.0294704344123602 2.84100008010864 255 128 106
-0.306892871856689 -0.0294927041977644 2.84300017356873 255 129 107
-0.299263805150986 -0.0295045655220747 2.84400010108948 255 128 108
-0.29173070192337 -0.0295267757028341 2.84600019454956 255 126 107
-0.283487111330032 -0.0294763222336769 2.84100008010864 255 125 106
-0.275463819503784 -0.0294465851038694 2.83800005912781 255 123 104
-0.267361491918564 -0.0294064339250326 2.83400011062622 255 123 105
-0.259921222925186 -0.0294388830661774 2.83700013160706 255 122 104
-0.252108097076416 -0.029429791495204 2.8360002040863 255 121 103
-0.244213223457336 -0.0294102821499109 2.83400011062622 255 128 110
-0.236662164330482 -0.0294322557747364 2.8360002040863 255 123 105
-0.229179978370667 -0.0294645708054304 2.83900022506714 255 121 103
-0.221290558576584 -0.029444957152009 2.83700013160706 255 121 103
-0.213561728596687 -0.0294460654258728 2.83700013160706 255 119 101
-0.205832064151764 -0.0294471364468336 2.83700013160706 255 120 102
-0.197822257876396 -0.0294066462665796 2.83300018310547 255 121 109
-0.189497992396355 -0.0293142236769199 2.82400012016296 255 113 101
-0.181672632694244 -0.0292944125831127 2.82200002670288 255 118 106
-0.174473986029625 -0.0293783769011498 2.83000016212463 254 105 101
-0.166759625077248 -0.0293792597949505 2.83000016212463 255 117 107
-0.158763602375984 -0.0293281935155392 2.82500004768372 255 111 101
-0.150954619050026 -0.0293082371354103 2.82300019264221 255 111 103
-0.143409669399261 -0.0293401479721069 2.82600021362305 255 109 101
-0.135847762227058 -0.0293720234185457 2.82900023460388 255 109 101
-0.128042459487915 -0.0293519403785467 2.8270001411438 255 113 107
-0.120162442326546 -0.0293110571801662 2.82300019264221 255 113 105
-0.112263910472393 -0.0292597524821758 2.81800007820129 255 106 98
-0.104614853858948 -0.0292707029730082 2.81900024414063 255 106 98
-0.0970630645751953 -0.0293127670884132 2.82300019264221 255 105 97
-0.0893940851092339 -0.0293236393481493 2.82400012016296 255 107 101
-0.0815746411681175 -0.0292825512588024 2.82000017166138 255 109 103
-0.0738552883267403 -0.0292725805193186 2.81900024414063 255 102 96
-0.0662114843726158 -0.0292937122285366 2.82100009918213 255 101 94
-0.0586602240800858 -0.0293667297810316 2.82800006866455 255 102 103
-0.0510705225169659 -0.0294397119432688 2.83500003814697 255 97 100
-0.0433506928384304 -0.0294503457844257 2.8360002040863 255 105 110
-0.0355247668921947 -0.0293778628110886 2.82900023460388 255 99 104
-0.0277467202395201 -0.0293157212436199 2.82300019264221 254 92 95
-0.0200368016958237 -0.029305461794138 2.82200002670288 255 97 98
-0.0123541168868542 -0.029347088187933 2.82600021362305 254 93 91
-0.00464462162926793 -0.0293575152754784 2.8270001411438 255 101 99
0.00306709297001362 -0.0293367523699999 2.82500004768372 255 96 94
0.0107640651986003 -0.0293055586516857 2.82200002670288 247 96 96
-0.421570122241974 -0.0371044687926769 2.83500003814697 255 140 119
-0.413876295089722 -0.0371068827807903 2.83500003814697 255 141 118
-0.405321568250656 -0.0370307378470898 2.82900023460388 255 143 114
-0.396798014640808 -0.036954540759325 2.82300019264221 255 141 113
-0.3883056640625 -0.0368782989680767 2.81700015068054 255 134 107
-0.381601333618164 -0.0369722209870815 2.82400012016296 255 134 107
-0.374328017234802 -0.0370137430727482 2.8270001411438 255 136 112
-0.367166817188263 -0.0370683297514915 2.83100008964539 255 136 112
-0.358839839696884 -0.0370050370693207 2.82600021362305 255 136 112
-0.351408541202545 -0.0370333641767502 2.82800006866455 255 140 116
-0.343600541353226 -0.0370223708450794 2.8270001411438 255 138 115
-0.335915595293045 -0.0370244383811951 2.8270001411438 255 139 115
-0.327997267246246 -0.0370002724230289 2.82500004768372 255 133 109
-0.32054215669632 -0.0370284542441368 2.8270001411438 254 130 107
-0.312743008136749 -0.0370173044502735 2.82600021362305 255 135 112
-0.305056124925613 -0.0370192117989063 2.82600021362305 255 132 108
-0.297894239425659 -0.037086583673954 2.83100008964539 255 127 103
-0.290499001741409 -0.0371277146041393 2.83400011062622 253 125 101
-0.282587438821793 -0.0371033027768135 2.83200001716614 255 132 108
-0.274297535419464 -0.0370264388620853 2.82600021362305 255 127 103
-0.266322255134583 -0.0369888357818127 2.82300019264221 255 128 106
-0.258637130260468 -0.0369904898107052 2.82300019264221 255 133 109
-0.250951021909714 -0.0369921028614044 2.82300019264221 255 124 102
-0.243350133299828 -0.0370067805051804 2.82400012016296 255 131 109
-0.235826313495636 -0.0370345190167427 2.82600021362305 255 134 112
-0.228129237890244 -0.0370359979569912 2.82600021362305 252 119 99
-0.220353275537491 -0.0370243303477764 2.82500004768372 255 123 105
-0.212732434272766 -0.037038829177618 2.82600021362305 255 125 103
-0.205105349421501 -0.0370532795786858 2.8270001411438 255 130 108
-0.197122842073441 -0.0370021536946297 2.82300019264221 255 123 101
-0.189161375164986 -0.0369509756565094 2.81900024414063 255 129 107
-0.181542843580246 -0.0369652844965458 2.82000017166138 255 122 103
-0.173979744315147 -0.0369926542043686 2.82200002670288 255 130 111
-0.166228324174881 -0.0369806587696075 2.82100009918213 255 122 104
-0.158313080668449 -0.0369292795658112 2.81700015068054 255 117 106
-0.15063288807869 -0.0369302928447723 2.81700015068054 255 120 109
-0.142799854278564 -0.0368919223546982 2.81400012969971 255 117 104
-0.135270714759827 -0.0369321703910828 2.81700015068054 255 119 106
-0.127498209476471 -0.0369068123400211 2.81500005722046 255 121 106
-0.119863778352737 -0.0369207412004471 2.81600022315979 255 126 108
-0.111864872276783 -0.0368166156113148 2.80800008773804 255 120 102
-0.104094691574574 -0.0367779955267906 2.8050000667572 255 118 100
-0.0966498926281929 -0.0368573293089867 2.81100010871887 255 113 96
-0.089235283434391 -0.03696284070611 2.81900024414063 255 120 103
-0.0815741643309593 -0.036976519972086 2.82000017166138 255 115 100
-0.0737500563263893 -0.0369114726781845 2.81500005722046 255 113 101
-0.0660702660679817 -0.0369119346141815 2.81500005722046 255 111 100
-0.0584524497389793 -0.0369516871869564 2.81800007820129 255 114 106
-0.0508540533483028 -0.0370176173746586 2.82300019264221 255 112 105
-0.0431364327669144 -0.0370048172771931 2.82200002670288 255 111 107
-0.035411536693573 -0.0369788520038128 2.82000017166138 255 108 104
-0.0276679247617722 -0.0369134992361069 2.81500005722046 255 102 102
-0.019951481372118 -0.0368480905890465 2.81000018119812 255 99 97
-0.0122840963304043 -0.0368481948971748 2.81000018119812 249 90 87
-0.00461830664426088 -0.0368613637983799 2.81100010871887 255 99 96
0.00305187492631376 -0.0368613749742508 2.81100010871887 254 97 94
0.0107220439240336 -0.0368613265454769 2.81100010871887 255 109 109
-0.427745699882507 -0.0446638874709606 2.82500004768372 255 144 124
-0.420080423355103 -0.0446668341755867 2.82500004768372 255 143 109
-0.412121891975403 -0.0446381196379662 2.82300019264221 255 145 110
-0.403456419706345 -0.0445302985608578 2.81600022315979 255 140 111
-0.395249277353287 -0.0444698557257652 2.81200003623962 255 146 117
-0.387613892555237 -0.0444726385176182 2.81200003623962 255 139 110
-0.381058365106583 -0.0446019098162651 2.82000017166138 255 140 111
-0.373531103134155 -0.0446204282343388 2.82100009918213 255 140 113
-0.365737736225128 -0.0446072779595852 2.82000017166138 255 139 112
-0.357440680265427 -0.0445308014750481 2.81500005722046 255 136 109
-0.350163608789444 -0.0445808358490467 2.81800007820129 255 137 112
-0.34213975071907 -0.0445359013974667 2.81500005722046 255 138 115
-0.334487438201904 -0.0445383824408054 2.81500005722046 255 140 117
-0.326717883348465 -0.0445249974727631 2.81400012969971 255 143 118
-0.31929275393486 -0.0445590429008007 2.81600022315979 255 138 115
-0.311744898557663 -0.0445772111415863 2.81700015068054 255 139 116
-0.304082483053207 -0.0445795021951199 2.81700015068054 255 138 114
-0.296945124864578 -0.0446608811616898 2.82200002670288 255 133 109
-0.289574444293976 -0.0447105653584003 2.82500004768372 255 136 112
-0.281687468290329 -0.0446810647845268 2.82300019264221 255 139 115
-0.273713290691376 -0.0446356870234013 2.82000017166138 255 135 111
-0.26584866642952 -0.0446060784161091 2.81800007820129 255 135 111
-0.258452087640762 -0.0446555651724339 2.82100009918213 255 133 109
-0.251038134098053 -0.0447050034999847 2.82400012016296 255 133 110
-0.243089899420738 -0.0446594133973122 2.82100009918213 255 132 109
-0.235157087445259 -0.0446137562394142 2.81800007820129 255 130 106
-0.227320373058319 -0.0445838794112206 2.81600022315979 255 129 107
-0.219649702310562 -0.0445856042206287 2.81600022315979 255 129 107
-0.211978182196617 -0.0445872843265533 2.81600022315979 255 128 104
-0.204233288764954 -0.0445730686187744 2.81500005722046 255 129 107
-0.196423172950745 -0.0445429645478725 2.81300020217896 255 132 110
-0.188757419586182 -0.0445444732904434 2.81300020217896 255 128 104
-0.181219652295113 -0.0445775873959064 2.81500005722046 255 131 107
-0.173608601093292 -0.0445948205888271 2.81600022315979 255 130 108
-0.16581466794014 -0.0445644818246365 2.81400012969971 255 127 107
-0.157974734902382 -0.044518243521452 2.81100010871887 255 127 109
-0.150364428758621 -0.0445353016257286 2.81200003623962 255 126 108
-0.142443612217903 -0.0444572754204273 2.80700016021729 255 122 107
-0.134981617331505 -0.044521726667881 2.81100010871887 255 126 111
-0.127180233597755 -0.044475257396698 2.80800008773804 255 124 106
-0.119607523083687 -0.0445079170167446 2.81000018119812 255 125 107
-0.111585192382336 -0.0443662814795971 2.80100011825562 255 125 107
-0.103871256113052 -0.0443354621529579 2.79900002479553 255 123 105
-0.09630536288023 -0.0443679466843605 2.80100011825562 255 119 101
-0.0889497324824333 -0.0445112511515617 2.81000018119812 255 119 101
-0.0813710689544678 -0.0445594452321529 2.81300020217896 255 117 99
-0.0735923126339912 -0.0444967038929462 2.80900001525879 255 120 102
-0.0658350810408592 -0.0444338992238045 2.8050000667572 255 117 102
-0.0580994077026844 -0.0443710386753082 2.80100011825562 255 118 106
-0.0504753775894642 -0.0443873107433319 2.80200004577637 255 122 111
-0.042906828224659 -0.0444668978452683 2.80700016021729 255 116 109
-0.0352857075631619 -0.0445147342979908 2.81000018119812 255 113 109
-0.0276284050196409 -0.0445308275520802 2.81100010871887 255 108 106
-0.0199300330132246 -0.0444676540791988 2.80700016021729 255 109 107
-0.0122665213420987 -0.0444519445300102 2.80600023269653 255 109 105
-0.00460512982681394 -0.0444044880568981 2.8030002117157 253 103 99
0.00304099568165839 -0.0443728081882 2.80100011825562 255 113 108
0.0106876352801919 -0.0443885922431946 2.80200004577637 240 105 103
-0.427893966436386 -0.0523750111460686 2.82600021362305 253 143 121
-0.420077264308929 -0.0523599274456501 2.82500004768372 255 149 115
-0.411972731351852 -0.0523077249526978 2.82200002670288 255 152 118
-0.403739839792252 -0.0522369369864464 2.81800007820129 255 146 121
-0.395667940378189 -0.052184633910656 2.81500005722046 255 142 117
-0.388024479150772 -0.0521878935396671 2.81500005722046 255 144 115
-0.380514860153198 -0.0522096492350101 2.81600022315979 255 143 114
-0.372601300477982 -0.0521757267415524 2.81400012969971 255 148 116
-0.364697277545929 -0.0521417520940304 2.81200003623962 255 146 117
-0.357183933258057 -0.0521633625030518 2.81300020217896 255 142 119
-0.349788069725037 -0.0522034615278244 2.81500005722046 253 132 113
-0.342137008905411 -0.0522064194083214 2.81500005722046 255 139 119
-0.333890676498413 -0.0521165989339352 2.81000018119812 253 140 112
-0.326134711503983 -0.0521008931100369 2.80900001525879 255 142 117
-0.318156331777573 -0.0520480498671532 2.80600023269653 252 138 113
-0.310746401548386 -0.0520878881216049 2.80800008773804 255 140 113
-0.303108513355255 -0.0520905666053295 2.80800008773804 252 136 109
-0.296100944280624 -0.0522045083343983 2.81400012969971 255 137 109
-0.288649588823318 -0.0522441864013672 2.81600022315979 255 144 113
-0.280986666679382 -0.0522467009723186 2.81600022315979 255 143 114
-0.273128628730774 -0.0522120483219624 2.81400012969971 255 141 114
-0.265752166509628 -0.0522701144218445 2.81700015068054 255 137 113
-0.258358359336853 -0.0523281246423721 2.82000017166138 255 133 110
-0.250769406557083 -0.0523489601910114 2.82100009918213 255 139 108
-0.242657035589218 -0.0522583946585655 2.81600022315979 255 131 107
-0.234737858176231 -0.0522048659622669 2.81300020217896 255 134 111
-0.227399185299873 -0.0522811934351921 2.81700015068054 255 134 115
-0.219803869724274 -0.0523017831146717 2.81800007820129 255 135 112
-0.212051674723625 -0.0522851869463921 2.81700015068054 255 135 114
-0.204086437821388 -0.0522128343582153 2.81300020217896 255 136 115
-0.196142196655273 -0.0521404184401035 2.80900001525879 254 134 113
-0.188420280814171 -0.0521236136555672 2.80800008773804 250 125 105
-0.180574342608452 -0.0520696267485619 2.8050000667572 252 132 111
-0.173175558447838 -0.0521455034613609 2.80900001525879 255 135 114
-0.165400773286819 -0.0521099418401718 2.80700016021729 255 136 113
-0.157523795962334 -0.052037175744772 2.8030002117157 255 134 113
-0.149881899356842 -0.052038598805666 2.8030002117157 255 133 113
-0.141985654830933 -0.0519471205770969 2.79800009727478 255 131 112
-0.134692341089249 -0.0520783700048923 2.8050000667572 255 132 113
-0.126862093806267 -0.0520053245127201 2.80100011825562 254 129 110
-0.119478777050972 -0.0521178729832172 2.80700016021729 249 124 105
-0.111464709043503 -0.0519518479704857 2.79800009727478 255 130 111
-0.103721931576729 -0.0518971495330334 2.79500007629395 252 125 106
-0.0960638523101807 -0.051879521459341 2.79400014877319 255 128 109
-0.0886957198381424 -0.0520289316773415 2.80200004577637 254 124 106
-0.0811100229620934 -0.0520668625831604 2.80400013923645 253 126 107
-0.0733558908104897 -0.0519933141767979 2.80000019073486 253 126 107
-0.0655998066067696 -0.0519011206924915 2.79500007629395 255 126 108
-0.0578914768993855 -0.0518274269998074 2.79100012779236 255 127 109
-0.0502948015928268 -0.0518465004861355 2.79200005531311 255 119 104
-0.0426924601197243 -0.0518655143678188 2.79300022125244 255 114 103
-0.0351347103714943 -0.0519587285816669 2.79800009727478 255 115 107
-0.0275200512260199 -0.0519961677491665 2.80000019073486 255 107 103
-0.0198872592300177 -0.0520149581134319 2.80100011825562 255 107 103
-0.0122226988896728 -0.051922257989645 2.79600024223328 255 112 108
-0.00459030270576477 -0.0518851988017559 2.79400014877319 255 116 112
0.00303119770251215 -0.0518480613827705 2.79200005531311 255 121 103
0.0106722852215171 -0.0519594214856625 2.79800009727478 253 127 121
-0.428041607141495 -0.0600913763046265 2.8270001411438 216 109 133
-0.350530415773392 -0.0600009635090828 2.82100009918213 240 133 157
-0.343106210231781 -0.0600469075143337 2.82300019264221 241 132 154
-0.335313409566879 -0.0600289702415466 2.82200002670288 244 135 159
-0.281183570623398 -0.0599654726684093 2.81800007820129 255 143 123
-0.273708373308182 -0.0600108578801155 2.82000017166138 254 141 121
-0.26640996336937 -0.0600987412035465 2.82400012016296 250 134 117
-0.259088754653931 -0.0601865537464619 2.82800006866455 255 142 122
-0.25130033493042 -0.0601678974926472 2.8270001411438 255 144 123
-0.243171662092209 -0.0600640177726746 2.82200002670288 255 141 121
-0.235653504729271 -0.0601090677082539 2.82400012016296 255 135 116
-0.228042766451836 -0.0601327568292618 2.82500004768372 254 138 114
-0.220269724726677 -0.0601138025522232 2.82400012016296 255 144 117
-0.212200149893761 -0.0600096210837364 2.81900024414063 255 138 115
-0.204229533672333 -0.0599266327917576 2.81500005722046 255 140 117
-0.196210086345673 -0.0598222948610783 2.81000018119812 255 144 124
-0.188619747757912 -0.059845607727766 2.81100010871887 255 140 121
-0.180765673518181 -0.0597836710512638 2.80800008773804 255 137 116
-0.17329715192318 -0.0598494149744511 2.81100010871887 255 141 118
-0.165458053350449 -0.0597873330116272 2.80800008773804 255 142 115
-0.157747030258179 -0.0597677528858185 2.80700016021729 255 143 120
-0.150040820240974 -0.0597480945289135 2.80600023269653 255 136 115
-0.142288729548454 -0.0597070604562759 2.80400013923645 255 138 115
-0.134739026427269 -0.0597511231899261 2.80600023269653 255 138 114
-0.126996695995331 -0.0597099326550961 2.80400013923645 255 134 114
-0.119392454624176 -0.0597325451672077 2.8050000667572 255 132 112
-0.111543267965317 -0.0596273057162762 2.80000019073486 255 137 117
-0.103795103728771 -0.0595645681023598 2.79700016975403 255 129 110
-0.0960628911852837 -0.0595017597079277 2.79400014877319 254 127 108
-0.0885998606681824 -0.0596092268824577 2.79900002479553 255 130 111
-0.0809935107827187 -0.0596314445137978 2.80000019073486 255 127 107
-0.0732765570282936 -0.0595683753490448 2.79700016975403 252 126 103
-0.0655991360545158 -0.0595265291631222 2.79500007629395 252 129 102
-0.0579738579690456 -0.0595271959900856 2.79500007629395 249 126 99
-0.0503843612968922 -0.0595703758299351 2.79700016975403 246 121 101
-0.0427378825843334 -0.0595495849847794 2.79600024223328 246 114 98
-0.0351343564689159 -0.0595925934612751 2.79800009727478 249 115 99
-0.0275197718292475 -0.0596355386078358 2.80000019073486 248 112 99
-0.0198799576610327 -0.0596357919275761 2.80000019073486 252 115 106
-0.0122225750237703 -0.0595507733523846 2.79600024223328 251 113 112
-0.00458861328661442 -0.0594869628548622 2.79300022125244 252 117 113
0.00303116696886718 -0.0594656728208065 2.79200005531311 245 115 117
0.0106759909540415 -0.0596146881580353 2.79900002479553 255 133 137
-0.10431345552206 -0.067530944943428 2.81100010871887 254 153 134
-0.0964743718504906 -0.0674120485782623 2.80600023269653 255 153 135
-0.08885208517313 -0.0674371793866158 2.80700016021729 255 154 140
-0.0811661407351494 -0.0674142017960548 2.80600023269653 255 153 137
-0.0734591037034988 -0.0673670768737793 2.80400013923645 255 152 134
-0.0657861530780792 -0.0673439055681229 2.8030002117157 255 153 132
-0.0581806153059006 -0.0673927068710327 2.8050000667572 255 152 131
-0.0505459047853947 -0.0674173906445503 2.80600023269653 255 151 135
-0.0428749583661556 -0.0673939362168312 2.8050000667572 255 152 138
-0.0352469645440578 -0.067442461848259 2.80700016021729 255 149 133
-0.027588251978159 -0.0674428418278694 2.80700016021729 255 150 135
-0.0199081283062696 -0.0673710480332375 2.80400013923645 255 146 132
-0.0122442916035652 -0.0672991722822189 2.80100011825562 255 144 148
-0.00460170395672321 -0.0672992765903473 2.80100011825562 255 147 145
0.00304307462647557 -0.067347340285778 2.8030002117157 249 144 142
